 Substance:Cu       2022/06/11 09:05:19                     
 Input files: cu_48_n0121.dat to ./data/cu_48_n0121.dat step           1
 Supercell size:          48
 Integration Monte Carlo      20000000 cell pairs
 Atoms/unit_cell:           4
 Atoms  :    Cu1     Cu2     Cu3     Cu4 
 Atom no.        1       2       3       4
 Occup's:   1.0000  1.0000  1.0000  1.0000
 at_weights:   1.0000  1.0000  1.0000  1.0000
 Masks	:        1       1       1       1

 Atom pair partials:
                       1
                       1
   r(A^)   PDF_tot   PDF partials (cf. above)
   0.020    0.000    0.000
   0.040    0.000    0.000
   0.060    0.000    0.000
   0.080    0.000    0.000
   0.100    0.000    0.000
   0.120    0.000    0.000
   0.140    0.000    0.000
   0.160    0.000    0.000
   0.180    0.000    0.000
   0.200    0.000    0.000
   0.220    0.000    0.000
   0.240    0.000    0.000
   0.260    0.000    0.000
   0.280    0.000    0.000
   0.300    0.000    0.000
   0.320    0.000    0.000
   0.340    0.000    0.000
   0.360    0.000    0.000
   0.380    0.000    0.000
   0.400    0.000    0.000
   0.420    0.000    0.000
   0.440    0.000    0.000
   0.460    0.000    0.000
   0.480    0.000    0.000
   0.500    0.000    0.000
   0.520    0.000    0.000
   0.540    0.000    0.000
   0.560    0.000    0.000
   0.580    0.000    0.000
   0.600    0.000    0.000
   0.620    0.000    0.000
   0.640    0.000    0.000
   0.660    0.000    0.000
   0.680    0.000    0.000
   0.700    0.000    0.000
   0.720    0.000    0.000
   0.740    0.000    0.000
   0.760    0.000    0.000
   0.780    0.000    0.000
   0.800    0.000    0.000
   0.820    0.000    0.000
   0.840    0.000    0.000
   0.860    0.000    0.000
   0.880    0.000    0.000
   0.900    0.000    0.000
   0.920    0.000    0.000
   0.940    0.000    0.000
   0.960    0.000    0.000
   0.980    0.000    0.000
   1.000    0.000    0.000
   1.020    0.000    0.000
   1.040    0.000    0.000
   1.060    0.000    0.000
   1.080    0.000    0.000
   1.100    0.000    0.000
   1.120    0.000    0.000
   1.140    0.000    0.000
   1.160    0.000    0.000
   1.180    0.000    0.000
   1.200    0.000    0.000
   1.220    0.000    0.000
   1.240    0.000    0.000
   1.260    0.000    0.000
   1.280    0.000    0.000
   1.300    0.000    0.000
   1.320    0.000    0.000
   1.340    0.000    0.000
   1.360    0.000    0.000
   1.380    0.000    0.000
   1.400    0.000    0.000
   1.420    0.000    0.000
   1.440    0.000    0.000
   1.460    0.000    0.000
   1.480    0.000    0.000
   1.500    0.000    0.000
   1.520    0.000    0.000
   1.540    0.000    0.000
   1.560    0.000    0.000
   1.580    0.000    0.000
   1.600    0.000    0.000
   1.620    0.000    0.000
   1.640    0.000    0.000
   1.660    0.000    0.000
   1.680    0.000    0.000
   1.700    0.000    0.000
   1.720    0.000    0.000
   1.740    0.000    0.000
   1.760    0.000    0.000
   1.780    0.000    0.000
   1.800    0.000    0.000
   1.820    0.000    0.000
   1.840    0.000    0.000
   1.860    0.000    0.000
   1.880    0.000    0.000
   1.900    0.000    0.000
   1.920    0.000    0.000
   1.940    0.000    0.000
   1.960    0.000    0.000
   1.980    0.000    0.000
   2.000    0.000    0.000
   2.020    0.000    0.000
   2.040    0.000    0.000
   2.060    0.000    0.000
   2.080    0.000    0.000
   2.100    0.000    0.000
   2.120    0.000    0.000
   2.140    0.000    0.000
   2.160    0.000    0.000
   2.180    0.000    0.000
   2.200    0.000    0.000
   2.220    0.000    0.000
   2.240    0.002    0.000
   2.260    0.003    0.000
   2.280    0.011    0.000
   2.300    0.035    0.000
   2.320    0.086    0.000
   2.340    0.173    0.000
   2.360    0.335    0.000
   2.380    0.594    0.000
   2.400    0.995    0.000
   2.420    1.595    0.000
   2.440    2.298    0.000
   2.460    3.098    0.000
   2.480    3.881    0.000
   2.500    4.735    0.000
   2.520    5.298    0.000
   2.540    5.635    0.000
   2.560    5.662    0.000
   2.580    5.483    0.000
   2.600    5.044    0.000
   2.620    4.502    0.000
   2.640    3.822    0.000
   2.660    3.080    0.000
   2.680    2.441    0.000
   2.700    1.859    0.000
   2.720    1.313    0.000
   2.740    0.958    0.000
   2.760    0.649    0.000
   2.780    0.448    0.000
   2.800    0.277    0.000
   2.820    0.181    0.000
   2.840    0.111    0.000
   2.860    0.057    0.000
   2.880    0.037    0.000
   2.900    0.019    0.000
   2.920    0.010    0.000
   2.940    0.005    0.000
   2.960    0.002    0.000
   2.980    0.002    0.000
   3.000    0.001    0.000
   3.020    0.000    0.000
   3.040    0.000    0.000
   3.060    0.000    0.000
   3.080    0.000    0.000
   3.100    0.000    0.000
   3.120    0.000    0.000
   3.140    0.000    0.000
   3.160    0.001    0.000
   3.180    0.001    0.000
   3.200    0.002    0.001
   3.220    0.003    0.000
   3.240    0.006    0.001
   3.260    0.008    0.001
   3.280    0.017    0.004
   3.300    0.026    0.008
   3.320    0.040    0.009
   3.340    0.063    0.016
   3.360    0.099    0.022
   3.380    0.151    0.036
   3.400    0.213    0.056
   3.420    0.291    0.073
   3.440    0.378    0.099
   3.460    0.523    0.142
   3.480    0.644    0.168
   3.500    0.798    0.202
   3.520    0.952    0.230
   3.540    1.088    0.276
   3.560    1.241    0.317
   3.580    1.342    0.333
   3.600    1.492    0.370
   3.620    1.479    0.373
   3.640    1.494    0.366
   3.660    1.466    0.362
   3.680    1.346    0.345
   3.700    1.238    0.309
   3.720    1.099    0.277
   3.740    0.957    0.234
   3.760    0.796    0.191
   3.780    0.626    0.157
   3.800    0.482    0.123
   3.820    0.368    0.090
   3.840    0.265    0.065
   3.860    0.204    0.049
   3.880    0.127    0.030
   3.900    0.089    0.023
   3.920    0.058    0.012
   3.940    0.038    0.011
   3.960    0.023    0.005
   3.980    0.016    0.004
   4.000    0.007    0.001
   4.020    0.006    0.001
   4.040    0.006    0.001
   4.060    0.007    0.001
   4.080    0.012    0.000
   4.100    0.025    0.000
   4.120    0.040    0.000
   4.140    0.070    0.000
   4.160    0.118    0.000
   4.180    0.196    0.000
   4.200    0.304    0.000
   4.220    0.470    0.000
   4.240    0.655    0.000
   4.260    0.957    0.000
   4.280    1.291    0.000
   4.300    1.702    0.000
   4.320    2.157    0.000
   4.340    2.646    0.000
   4.360    3.132    0.000
   4.380    3.550    0.000
   4.400    3.918    0.000
   4.420    4.158    0.000
   4.440    4.260    0.000
   4.460    4.248    0.000
   4.480    4.051    0.000
   4.500    3.739    0.000
   4.520    3.351    0.000
   4.540    2.872    0.000
   4.560    2.435    0.000
   4.580    1.950    0.000
   4.600    1.532    0.000
   4.620    1.182    0.000
   4.640    0.863    0.000
   4.660    0.608    0.000
   4.680    0.433    0.000
   4.700    0.294    0.000
   4.720    0.188    0.000
   4.740    0.115    0.000
   4.760    0.069    0.001
   4.780    0.045    0.001
   4.800    0.033    0.003
   4.820    0.032    0.004
   4.840    0.039    0.007
   4.860    0.060    0.014
   4.880    0.097    0.025
   4.900    0.143    0.038
   4.920    0.213    0.051
   4.940    0.309    0.075
   4.960    0.428    0.108
   4.980    0.571    0.144
   5.000    0.750    0.188
   5.020    0.931    0.232
   5.040    1.104    0.280
   5.060    1.275    0.323
   5.080    1.426    0.359
   5.100    1.538    0.386
   5.120    1.586    0.394
   5.140    1.594    0.396
   5.160    1.542    0.378
   5.180    1.459    0.367
   5.200    1.319    0.329
   5.220    1.122    0.282
   5.240    0.966    0.239
   5.260    0.801    0.199
   5.280    0.648    0.163
   5.300    0.497    0.127
   5.320    0.378    0.092
   5.340    0.277    0.067
   5.360    0.202    0.048
   5.380    0.156    0.035
   5.400    0.121    0.022
   5.420    0.115    0.014
   5.440    0.120    0.009
   5.460    0.154    0.006
   5.480    0.215    0.003
   5.500    0.288    0.001
   5.520    0.400    0.001
   5.540    0.538    0.000
   5.560    0.706    0.001
   5.580    0.910    0.000
   5.600    1.152    0.000
   5.620    1.368    0.000
   5.640    1.633    0.000
   5.660    1.851    0.000
   5.680    2.057    0.000
   5.700    2.235    0.000
   5.720    2.323    0.000
   5.740    2.353    0.000
   5.760    2.336    0.000
   5.780    2.243    0.000
   5.800    2.076    0.000
   5.820    1.887    0.000
   5.840    1.654    0.000
   5.860    1.404    0.000
   5.880    1.170    0.000
   5.900    0.943    0.000
   5.920    0.739    0.001
   5.940    0.560    0.001
   5.960    0.427    0.002
   5.980    0.306    0.003
   6.000    0.222    0.006
   6.020    0.172    0.008
   6.040    0.144    0.013
   6.060    0.139    0.021
   6.080    0.156    0.028
   6.100    0.179    0.040
   6.120    0.235    0.056
   6.140    0.283    0.066
   6.160    0.348    0.084
   6.180    0.429    0.108
   6.200    0.508    0.127
   6.220    0.570    0.145
   6.240    0.631    0.156
   6.260    0.677    0.173
   6.280    0.697    0.174
   6.300    0.690    0.173
   6.320    0.650    0.166
   6.340    0.615    0.154
   6.360    0.564    0.142
   6.380    0.498    0.120
   6.400    0.439    0.108
   6.420    0.360    0.085
   6.440    0.305    0.069
   6.460    0.263    0.051
   6.480    0.234    0.039
   6.500    0.237    0.030
   6.520    0.273    0.021
   6.540    0.335    0.015
   6.560    0.452    0.009
   6.580    0.615    0.006
   6.600    0.813    0.004
   6.620    1.079    0.003
   6.640    1.393    0.001
   6.660    1.733    0.001
   6.680    2.109    0.001
   6.700    2.467    0.001
   6.720    2.815    0.000
   6.740    3.137    0.000
   6.760    3.334    0.000
   6.780    3.454    0.000
   6.800    3.475    0.000
   6.820    3.377    0.000
   6.840    3.207    0.000
   6.860    2.928    0.000
   6.880    2.597    0.001
   6.900    2.253    0.001
   6.920    1.863    0.002
   6.940    1.540    0.003
   6.960    1.199    0.004
   6.980    0.937    0.006
   7.000    0.716    0.009
   7.020    0.537    0.012
   7.040    0.410    0.015
   7.060    0.321    0.022
   7.080    0.264    0.026
   7.100    0.242    0.035
   7.120    0.239    0.043
   7.140    0.256    0.056
   7.160    0.270    0.061
   7.180    0.289    0.067
   7.200    0.325    0.080
   7.220    0.347    0.085
   7.240    0.360    0.091
   7.260    0.367    0.090
   7.280    0.364    0.090
   7.300    0.348    0.085
   7.320    0.336    0.082
   7.340    0.310    0.077
   7.360    0.291    0.064
   7.380    0.266    0.055
   7.400    0.256    0.046
   7.420    0.255    0.038
   7.440    0.280    0.031
   7.460    0.314    0.024
   7.480    0.390    0.018
   7.500    0.476    0.013
   7.520    0.608    0.009
   7.540    0.769    0.007
   7.560    0.943    0.004
   7.580    1.139    0.002
   7.600    1.337    0.002
   7.620    1.528    0.001
   7.640    1.699    0.001
   7.660    1.841    0.001
   7.680    1.920    0.001
   7.700    1.968    0.001
   7.720    1.946    0.001
   7.740    1.882    0.002
   7.760    1.746    0.003
   7.780    1.615    0.005
   7.800    1.428    0.008
   7.820    1.253    0.012
   7.840    1.076    0.018
   7.860    0.912    0.025
   7.880    0.784    0.035
   7.900    0.689    0.050
   7.920    0.638    0.067
   7.940    0.625    0.091
   7.960    0.646    0.116
   7.980    0.699    0.145
   8.000    0.776    0.171
   8.020    0.861    0.201
   8.040    0.955    0.227
   8.060    1.048    0.260
   8.080    1.116    0.275
   8.100    1.161    0.292
   8.120    1.174    0.290
   8.140    1.153    0.288
   8.160    1.121    0.280
   8.180    1.040    0.254
   8.200    0.967    0.237
   8.220    0.861    0.207
   8.240    0.759    0.177
   8.260    0.678    0.146
   8.280    0.605    0.117
   8.300    0.551    0.094
   8.320    0.534    0.073
   8.340    0.545    0.054
   8.360    0.581    0.038
   8.380    0.644    0.025
   8.400    0.724    0.018
   8.420    0.815    0.012
   8.440    0.896    0.008
   8.460    0.985    0.005
   8.480    1.057    0.003
   8.500    1.089    0.002
   8.520    1.104    0.003
   8.540    1.085    0.003
   8.560    1.041    0.004
   8.580    0.967    0.007
   8.600    0.880    0.009
   8.620    0.787    0.016
   8.640    0.711    0.021
   8.660    0.638    0.032
   8.680    0.578    0.044
   8.700    0.555    0.059
   8.720    0.540    0.078
   8.740    0.566    0.099
   8.760    0.620    0.125
   8.780    0.687    0.152
   8.800    0.764    0.174
   8.820    0.842    0.202
   8.840    0.909    0.222
   8.860    0.959    0.232
   8.880    1.002    0.246
   8.900    1.009    0.244
   8.920    1.015    0.241
   8.940    0.988    0.229
   8.960    0.956    0.212
   8.980    0.928    0.192
   9.000    0.915    0.167
   9.020    0.909    0.142
   9.040    0.938    0.115
   9.060    1.013    0.093
   9.080    1.134    0.074
   9.100    1.298    0.054
   9.120    1.493    0.041
   9.140    1.718    0.027
   9.160    1.960    0.021
   9.180    2.205    0.013
   9.200    2.409    0.009
   9.220    2.574    0.006
   9.240    2.682    0.003
   9.260    2.695    0.002
   9.280    2.664    0.001
   9.300    2.557    0.001
   9.320    2.370    0.000
   9.340    2.146    0.000
   9.360    1.884    0.000
   9.380    1.609    0.000
   9.400    1.344    0.000
   9.420    1.074    0.000
   9.440    0.843    0.000
   9.460    0.644    0.000
   9.480    0.479    0.000
   9.500    0.346    0.000
   9.520    0.244    0.000
   9.540    0.170    0.000
   9.560    0.122    0.000
   9.580    0.086    0.000
   9.600    0.068    0.000
   9.620    0.066    0.000
   9.640    0.075    0.000
   9.660    0.097    0.000
   9.680    0.136    0.000
   9.700    0.186    0.000
   9.720    0.252    0.000
   9.740    0.344    0.000
   9.760    0.460    0.000
   9.780    0.581    0.000
   9.800    0.723    0.000
   9.820    0.876    0.000
   9.840    1.034    0.000
   9.860    1.184    0.000
   9.880    1.315    0.000
   9.900    1.427    0.001
   9.920    1.504    0.001
   9.940    1.541    0.001
   9.960    1.541    0.003
   9.980    1.490    0.004
  10.000    1.423    0.006
  10.020    1.321    0.009
  10.040    1.192    0.012
  10.060    1.062    0.017
  10.080    0.930    0.024
  10.100    0.803    0.031
  10.120    0.702    0.039
  10.140    0.615    0.049
  10.160    0.555    0.058
  10.180    0.502    0.068
  10.200    0.471    0.075
  10.220    0.461    0.082
  10.240    0.452    0.090
  10.260    0.441    0.088
  10.280    0.445    0.091
  10.300    0.446    0.091
  10.320    0.449    0.083
  10.340    0.464    0.078
  10.360    0.490    0.071
  10.380    0.527    0.062
  10.400    0.588    0.052
  10.420    0.658    0.044
  10.440    0.752    0.033
  10.460    0.860    0.026
  10.480    0.977    0.019
  10.500    1.094    0.016
  10.520    1.208    0.010
  10.540    1.302    0.009
  10.560    1.370    0.008
  10.580    1.404    0.009
  10.600    1.412    0.011
  10.620    1.388    0.015
  10.640    1.340    0.021
  10.660    1.268    0.028
  10.680    1.176    0.038
  10.700    1.098    0.052
  10.720    1.014    0.067
  10.740    0.951    0.087
  10.760    0.905    0.105
  10.780    0.878    0.125
  10.800    0.868    0.144
  10.820    0.878    0.163
  10.840    0.886    0.179
  10.860    0.905    0.192
  10.880    0.926    0.199
  10.900    0.939    0.204
  10.920    0.943    0.195
  10.940    0.963    0.190
  10.960    0.977    0.175
  10.980    0.990    0.155
  11.000    1.039    0.142
  11.020    1.092    0.117
  11.040    1.173    0.096
  11.060    1.278    0.076
  11.080    1.394    0.061
  11.100    1.522    0.047
  11.120    1.638    0.037
  11.140    1.753    0.029
  11.160    1.823    0.022
  11.180    1.883    0.017
  11.200    1.897    0.017
  11.220    1.857    0.017
  11.240    1.788    0.021
  11.260    1.683    0.028
  11.280    1.560    0.035
  11.300    1.414    0.046
  11.320    1.286    0.055
  11.340    1.150    0.068
  11.360    1.040    0.080
  11.380    0.946    0.098
  11.400    0.876    0.109
  11.420    0.822    0.124
  11.440    0.783    0.134
  11.460    0.753    0.141
  11.480    0.735    0.141
  11.500    0.724    0.142
  11.520    0.724    0.138
  11.540    0.715    0.129
  11.560    0.725    0.119
  11.580    0.743    0.107
  11.600    0.769    0.093
  11.620    0.809    0.078
  11.640    0.865    0.063
  11.660    0.938    0.053
  11.680    0.994    0.041
  11.700    1.060    0.032
  11.720    1.112    0.025
  11.740    1.160    0.022
  11.760    1.194    0.019
  11.780    1.179    0.018
  11.800    1.157    0.021
  11.820    1.114    0.026
  11.840    1.056    0.032
  11.860    0.993    0.042
  11.880    0.916    0.050
  11.900    0.859    0.061
  11.920    0.802    0.075
  11.940    0.752    0.089
  11.960    0.727    0.100
  11.980    0.695    0.111
  12.000    0.687    0.123
  12.020    0.678    0.128
  12.040    0.672    0.127
  12.060    0.674    0.129
  12.080    0.681    0.126
  12.100    0.695    0.117
  12.120    0.707    0.108
  12.140    0.731    0.098
  12.160    0.761    0.082
  12.180    0.806    0.071
  12.200    0.857    0.059
  12.220    0.903    0.048
  12.240    0.955    0.038
  12.260    1.003    0.029
  12.280    1.043    0.022
  12.300    1.056    0.017
  12.320    1.051    0.013
  12.340    1.026    0.011
  12.360    0.985    0.012
  12.380    0.921    0.012
  12.400    0.854    0.014
  12.420    0.765    0.017
  12.440    0.687    0.020
  12.460    0.601    0.025
  12.480    0.534    0.028
  12.500    0.475    0.031
  12.520    0.429    0.036
  12.540    0.405    0.040
  12.560    0.396    0.041
  12.580    0.406    0.040
  12.600    0.434    0.042
  12.620    0.488    0.039
  12.640    0.559    0.037
  12.660    0.652    0.032
  12.680    0.774    0.029
  12.700    0.902    0.025
  12.720    1.049    0.022
  12.740    1.194    0.018
  12.760    1.341    0.015
  12.780    1.467    0.013
  12.800    1.580    0.013
  12.820    1.651    0.013
  12.840    1.684    0.016
  12.860    1.672    0.018
  12.880    1.634    0.023
  12.900    1.559    0.031
  12.920    1.468    0.038
  12.940    1.350    0.049
  12.960    1.234    0.058
  12.980    1.128    0.070
  13.000    1.027    0.081
  13.020    0.944    0.091
  13.040    0.876    0.100
  13.060    0.835    0.106
  13.080    0.817    0.111
  13.100    0.813    0.110
  13.120    0.835    0.109
  13.140    0.885    0.103
  13.160    0.949    0.095
  13.180    1.040    0.086
  13.200    1.143    0.079
  13.220    1.265    0.067
  13.240    1.388    0.057
  13.260    1.513    0.048
  13.280    1.629    0.043
  13.300    1.733    0.036
  13.320    1.796    0.035
  13.340    1.839    0.037
  13.360    1.858    0.042
  13.380    1.833    0.050
  13.400    1.787    0.062
  13.420    1.721    0.076
  13.440    1.634    0.094
  13.460    1.553    0.114
  13.480    1.454    0.133
  13.500    1.379    0.156
  13.520    1.306    0.173
  13.540    1.248    0.190
  13.560    1.186    0.200
  13.580    1.133    0.207
  13.600    1.072    0.205
  13.620    1.013    0.197
  13.640    0.958    0.189
  13.660    0.902    0.175
  13.680    0.842    0.156
  13.700    0.786    0.138
  13.720    0.729    0.114
  13.740    0.684    0.095
  13.760    0.645    0.077
  13.780    0.601    0.061
  13.800    0.559    0.045
  13.820    0.529    0.033
  13.840    0.487    0.024
  13.860    0.452    0.017
  13.880    0.409    0.011
  13.900    0.373    0.008
  13.920    0.331    0.005
  13.940    0.295    0.003
  13.960    0.259    0.002
  13.980    0.237    0.001
  14.000    0.218    0.001
  14.020    0.220    0.000
  14.040    0.234    0.000
  14.060    0.271    0.000
  14.080    0.323    0.000
  14.100    0.406    0.000
  14.120    0.505    0.000
  14.140    0.624    0.000
  14.160    0.764    0.000
  14.180    0.905    0.000
  14.200    1.050    0.000
  14.220    1.189    0.001
  14.240    1.310    0.001
  14.260    1.407    0.002
  14.280    1.469    0.003
  14.300    1.492    0.004
  14.320    1.485    0.005
  14.340    1.435    0.007
  14.360    1.354    0.009
  14.380    1.242    0.010
  14.400    1.128    0.013
  14.420    1.002    0.015
  14.440    0.872    0.017
  14.460    0.762    0.018
  14.480    0.681    0.019
  14.500    0.614    0.021
  14.520    0.578    0.022
  14.540    0.582    0.022
  14.560    0.613    0.022
  14.580    0.673    0.021
  14.600    0.760    0.021
  14.620    0.867    0.019
  14.640    0.981    0.018
  14.660    1.106    0.018
  14.680    1.227    0.019
  14.700    1.344    0.021
  14.720    1.431    0.024
  14.740    1.493    0.030
  14.760    1.534    0.038
  14.780    1.554    0.047
  14.800    1.536    0.059
  14.820    1.502    0.075
  14.840    1.449    0.089
  14.860    1.388    0.107
  14.880    1.324    0.122
  14.900    1.255    0.137
  14.920    1.198    0.151
  14.940    1.145    0.161
  14.960    1.089    0.165
  14.980    1.050    0.169
  15.000    1.015    0.166
  15.020    0.990    0.159
  15.040    0.961    0.148
  15.060    0.946    0.136
  15.080    0.933    0.120
  15.100    0.920    0.103
  15.120    0.924    0.090
  15.140    0.918    0.077
  15.160    0.909    0.068
  15.180    0.900    0.062
  15.200    0.893    0.056
  15.220    0.886    0.058
  15.240    0.869    0.060
  15.260    0.850    0.066
  15.280    0.835    0.073
  15.300    0.825    0.083
  15.320    0.824    0.093
  15.340    0.825    0.101
  15.360    0.845    0.110
  15.380    0.870    0.117
  15.400    0.910    0.119
  15.420    0.966    0.120
  15.440    1.037    0.115
  15.460    1.113    0.110
  15.480    1.213    0.101
  15.500    1.308    0.093
  15.520    1.419    0.083
  15.540    1.507    0.072
  15.560    1.589    0.061
  15.580    1.663    0.053
  15.600    1.702    0.048
  15.620    1.721    0.042
  15.640    1.691    0.041
  15.660    1.647    0.041
  15.680    1.573    0.045
  15.700    1.474    0.048
  15.720    1.358    0.053
  15.740    1.237    0.060
  15.760    1.115    0.065
  15.780    1.009    0.070
  15.800    0.911    0.074
  15.820    0.833    0.076
  15.840    0.768    0.077
  15.860    0.722    0.075
  15.880    0.693    0.071
  15.900    0.682    0.066
  15.920    0.676    0.059
  15.940    0.685    0.054
  15.960    0.692    0.048
  15.980    0.711    0.042
  16.000    0.724    0.038
  16.020    0.732    0.036
  16.040    0.733    0.034
  16.060    0.731    0.036
  16.080    0.720    0.038
  16.100    0.698    0.042
  16.120    0.678    0.046
  16.140    0.650    0.052
  16.160    0.625    0.058
  16.180    0.603    0.062
  16.200    0.588    0.068
  16.220    0.572    0.069
  16.240    0.571    0.071
  16.260    0.570    0.072
  16.280    0.576    0.069
  16.300    0.591    0.067
  16.320    0.611    0.062
  16.340    0.636    0.057
  16.360    0.667    0.054
  16.380    0.688    0.050
  16.400    0.717    0.050
  16.420    0.741    0.049
  16.440    0.769    0.052
  16.460    0.785    0.057
  16.480    0.805    0.066
  16.500    0.825    0.075
  16.520    0.842    0.085
  16.540    0.857    0.097
  16.560    0.877    0.109
  16.580    0.906    0.118
  16.600    0.942    0.128
  16.620    0.976    0.132
  16.640    1.030    0.136
  16.660    1.080    0.134
  16.680    1.153    0.130
  16.700    1.222    0.122
  16.720    1.299    0.115
  16.740    1.370    0.103
  16.760    1.438    0.093
  16.780    1.494    0.081
  16.800    1.535    0.070
  16.820    1.564    0.062
  16.840    1.556    0.055
  16.860    1.533    0.052
  16.880    1.490    0.049
  16.900    1.412    0.049
  16.920    1.336    0.050
  16.940    1.249    0.055
  16.960    1.172    0.057
  16.980    1.096    0.061
  17.000    1.035    0.064
  17.020    1.007    0.066
  17.040    0.992    0.066
  17.060    1.001    0.064
  17.080    1.031    0.061
  17.100    1.080    0.057
  17.120    1.141    0.052
  17.140    1.211    0.045
  17.160    1.270    0.039
  17.180    1.321    0.033
  17.200    1.354    0.027
  17.220    1.362    0.021
  17.240    1.335    0.015
  17.260    1.293    0.012
  17.280    1.220    0.009
  17.300    1.137    0.006
  17.320    1.042    0.004
  17.340    0.936    0.003
  17.360    0.846    0.002
  17.380    0.764    0.001
  17.400    0.701    0.001
  17.420    0.668    0.001
  17.440    0.656    0.001
  17.460    0.680    0.001
  17.480    0.715    0.002
  17.500    0.766    0.003
  17.520    0.830    0.004
  17.540    0.901    0.006
  17.560    0.964    0.009
  17.580    1.013    0.013
  17.600    1.054    0.016
  17.620    1.071    0.021
  17.640    1.068    0.026
  17.660    1.045    0.032
  17.680    1.020    0.038
  17.700    0.987    0.044
  17.720    0.943    0.049
  17.740    0.904    0.053
  17.760    0.881    0.057
  17.780    0.871    0.059
  17.800    0.876    0.060
  17.820    0.895    0.059
  17.840    0.930    0.058
  17.860    0.976    0.055
  17.880    1.036    0.051
  17.900    1.087    0.047
  17.920    1.143    0.045
  17.940    1.183    0.043
  17.960    1.209    0.042
  17.980    1.231    0.042
  18.000    1.215    0.043
  18.020    1.189    0.046
  18.040    1.148    0.051
  18.060    1.093    0.056
  18.080    1.033    0.060
  18.100    0.964    0.065
  18.120    0.902    0.070
  18.140    0.838    0.071
  18.160    0.790    0.074
  18.180    0.747    0.074
  18.200    0.721    0.073
  18.220    0.700    0.071
  18.240    0.695    0.069
  18.260    0.700    0.068
  18.280    0.710    0.067
  18.300    0.728    0.069
  18.320    0.750    0.072
  18.340    0.780    0.078
  18.360    0.807    0.086
  18.380    0.839    0.097
  18.400    0.872    0.111
  18.420    0.903    0.122
  18.440    0.933    0.135
  18.460    0.964    0.148
  18.480    0.995    0.156
  18.500    1.015    0.162
  18.520    1.037    0.166
  18.540    1.054    0.165
  18.560    1.060    0.158
  18.580    1.065    0.150
  18.600    1.065    0.139
  18.620    1.062    0.127
  18.640    1.049    0.113
  18.660    1.038    0.102
  18.680    1.017    0.090
  18.700    0.995    0.083
  18.720    0.970    0.076
  18.740    0.946    0.072
  18.760    0.925    0.070
  18.780    0.901    0.069
  18.800    0.891    0.071
  18.820    0.892    0.072
  18.840    0.908    0.072
  18.860    0.933    0.073
  18.880    0.981    0.072
  18.900    1.039    0.069
  18.920    1.095    0.066
  18.940    1.170    0.062
  18.960    1.236    0.055
  18.980    1.293    0.049
  19.000    1.344    0.041
  19.020    1.368    0.035
  19.040    1.371    0.028
  19.060    1.349    0.022
  19.080    1.300    0.017
  19.100    1.230    0.013
  19.120    1.148    0.010
  19.140    1.061    0.007
  19.160    0.968    0.005
  19.180    0.887    0.004
  19.200    0.815    0.004
  19.220    0.769    0.004
  19.240    0.748    0.005
  19.260    0.752    0.007
  19.280    0.772    0.010
  19.300    0.808    0.015
  19.320    0.858    0.021
  19.340    0.919    0.028
  19.360    0.973    0.037
  19.380    1.032    0.048
  19.400    1.073    0.060
  19.420    1.116    0.075
  19.440    1.138    0.088
  19.460    1.151    0.103
  19.480    1.159    0.118
  19.500    1.159    0.129
  19.520    1.151    0.140
  19.540    1.139    0.146
  19.560    1.120    0.148
  19.580    1.109    0.148
  19.600    1.095    0.145
  19.620    1.078    0.138
  19.640    1.060    0.130
  19.660    1.050    0.120
  19.680    1.031    0.112
  19.700    1.016    0.103
  19.720    1.002    0.098
  19.740    0.984    0.093
  19.760    0.970    0.091
  19.780    0.953    0.089
  19.800    0.944    0.092
  19.820    0.937    0.093
  19.840    0.938    0.097
  19.860    0.940    0.097
  19.880    0.955    0.099
  19.900    0.976    0.097
  19.920    1.001    0.095
  19.940    1.027    0.089
  19.960    1.057    0.082
  19.980    1.080    0.074
  20.000    1.093    0.065
  20.020    1.104    0.057
  20.040    1.103    0.048
  20.060    1.083    0.039
  20.080    1.049    0.031
  20.100    1.003    0.024
  20.120    0.954    0.018
  20.140    0.904    0.013
  20.160    0.851    0.009
  20.180    0.812    0.007
  20.200    0.788    0.005
  20.220    0.781    0.003
  20.240    0.791    0.003
  20.260    0.816    0.002
  20.280    0.860    0.003
  20.300    0.908    0.003
  20.320    0.960    0.004
  20.340    1.000    0.005
  20.360    1.038    0.007
  20.380    1.053    0.009
  20.400    1.052    0.011
  20.420    1.035    0.013
  20.440    0.998    0.015
  20.460    0.941    0.018
  20.480    0.876    0.019
