 Substance:Cu_48       2023/01/05 09:09:41                     
 Input files: ./data/cu_c48_n0120.dat to ./data/cu_c48_n0120.dat step           1
 Supercell size:          48
 Integration Monte Carlo     100000000 cell pairs
 Atoms/unit_cell:           4
 Atoms  :    Cu1     Cu2     Cu3     Cu4 
 Atom no.        1       2       3       4
 Occup's:   1.0000  1.0000  1.0000  1.0000
 at_weights:   1.0000  1.0000  1.0000  1.0000
 Masks	:        1       1       1       1

 Atom pair partials:
                       1
                       1
   r(A^)   PDF_tot   PDF partials (cf. above)
   0.020    0.000    0.000
   0.040    0.000    0.000
   0.060    0.000    0.000
   0.080    0.000    0.000
   0.100    0.000    0.000
   0.120    0.000    0.000
   0.140    0.000    0.000
   0.160    0.000    0.000
   0.180    0.000    0.000
   0.200    0.000    0.000
   0.220    0.000    0.000
   0.240    0.000    0.000
   0.260    0.000    0.000
   0.280    0.000    0.000
   0.300    0.000    0.000
   0.320    0.000    0.000
   0.340    0.000    0.000
   0.360    0.000    0.000
   0.380    0.000    0.000
   0.400    0.000    0.000
   0.420    0.000    0.000
   0.440    0.000    0.000
   0.460    0.000    0.000
   0.480    0.000    0.000
   0.500    0.000    0.000
   0.520    0.000    0.000
   0.540    0.000    0.000
   0.560    0.000    0.000
   0.580    0.000    0.000
   0.600    0.000    0.000
   0.620    0.000    0.000
   0.640    0.000    0.000
   0.660    0.000    0.000
   0.680    0.000    0.000
   0.700    0.000    0.000
   0.720    0.000    0.000
   0.740    0.000    0.000
   0.760    0.000    0.000
   0.780    0.000    0.000
   0.800    0.000    0.000
   0.820    0.000    0.000
   0.840    0.000    0.000
   0.860    0.000    0.000
   0.880    0.000    0.000
   0.900    0.000    0.000
   0.920    0.000    0.000
   0.940    0.000    0.000
   0.960    0.000    0.000
   0.980    0.000    0.000
   1.000    0.000    0.000
   1.020    0.000    0.000
   1.040    0.000    0.000
   1.060    0.000    0.000
   1.080    0.000    0.000
   1.100    0.000    0.000
   1.120    0.000    0.000
   1.140    0.000    0.000
   1.160    0.000    0.000
   1.180    0.000    0.000
   1.200    0.000    0.000
   1.220    0.000    0.000
   1.240    0.000    0.000
   1.260    0.000    0.000
   1.280    0.000    0.000
   1.300    0.000    0.000
   1.320    0.000    0.000
   1.340    0.000    0.000
   1.360    0.000    0.000
   1.380    0.000    0.000
   1.400    0.000    0.000
   1.420    0.000    0.000
   1.440    0.000    0.000
   1.460    0.000    0.000
   1.480    0.000    0.000
   1.500    0.000    0.000
   1.520    0.000    0.000
   1.540    0.000    0.000
   1.560    0.000    0.000
   1.580    0.000    0.000
   1.600    0.000    0.000
   1.620    0.000    0.000
   1.640    0.000    0.000
   1.660    0.000    0.000
   1.680    0.000    0.000
   1.700    0.000    0.000
   1.720    0.000    0.000
   1.740    0.000    0.000
   1.760    0.000    0.000
   1.780    0.000    0.000
   1.800    0.000    0.000
   1.820    0.000    0.000
   1.840    0.000    0.000
   1.860    0.000    0.000
   1.880    0.000    0.000
   1.900    0.000    0.000
   1.920    0.000    0.000
   1.940    0.000    0.000
   1.960    0.000    0.000
   1.980    0.000    0.000
   2.000    0.000    0.000
   2.020    0.000    0.000
   2.040    0.000    0.000
   2.060    0.000    0.000
   2.080    0.000    0.000
   2.100    0.000    0.000
   2.120    0.000    0.000
   2.140    0.000    0.000
   2.160    0.000    0.000
   2.180    0.000    0.000
   2.200    0.000    0.000
   2.220    0.000    0.000
   2.240    0.001    0.000
   2.260    0.003    0.000
   2.280    0.012    0.000
   2.300    0.030    0.000
   2.320    0.081    0.000
   2.340    0.163    0.000
   2.360    0.322    0.000
   2.380    0.589    0.000
   2.400    0.984    0.000
   2.420    1.538    0.000
   2.440    2.236    0.000
   2.460    2.964    0.000
   2.480    3.773    0.000
   2.500    4.463    0.000
   2.520    5.056    0.000
   2.540    5.370    0.000
   2.560    5.429    0.000
   2.580    5.259    0.000
   2.600    4.848    0.000
   2.620    4.323    0.000
   2.640    3.710    0.000
   2.660    2.997    0.000
   2.680    2.366    0.000
   2.700    1.775    0.000
   2.720    1.305    0.000
   2.740    0.949    0.000
   2.760    0.648    0.000
   2.780    0.418    0.000
   2.800    0.273    0.000
   2.820    0.173    0.000
   2.840    0.111    0.000
   2.860    0.062    0.000
   2.880    0.038    0.000
   2.900    0.022    0.000
   2.920    0.011    0.000
   2.940    0.006    0.000
   2.960    0.003    0.000
   2.980    0.002    0.000
   3.000    0.001    0.000
   3.020    0.001    0.000
   3.040    0.000    0.000
   3.060    0.000    0.000
   3.080    0.000    0.000
   3.100    0.000    0.000
   3.120    0.000    0.000
   3.140    0.000    0.000
   3.160    0.001    0.000
   3.180    0.001    0.000
   3.200    0.002    0.000
   3.220    0.003    0.000
   3.240    0.006    0.002
   3.260    0.009    0.003
   3.280    0.015    0.003
   3.300    0.026    0.007
   3.320    0.044    0.011
   3.340    0.067    0.016
   3.360    0.098    0.023
   3.380    0.142    0.035
   3.400    0.203    0.049
   3.420    0.281    0.072
   3.440    0.375    0.095
   3.460    0.495    0.123
   3.480    0.619    0.159
   3.500    0.771    0.193
   3.520    0.922    0.232
   3.540    1.070    0.265
   3.560    1.206    0.301
   3.580    1.332    0.330
   3.600    1.411    0.353
   3.620    1.458    0.361
   3.640    1.456    0.364
   3.660    1.402    0.344
   3.680    1.340    0.333
   3.700    1.205    0.301
   3.720    1.067    0.267
   3.740    0.917    0.227
   3.760    0.770    0.194
   3.780    0.620    0.155
   3.800    0.484    0.122
   3.820    0.366    0.095
   3.840    0.271    0.068
   3.860    0.193    0.046
   3.880    0.136    0.032
   3.900    0.091    0.024
   3.920    0.057    0.014
   3.940    0.036    0.008
   3.960    0.024    0.006
   3.980    0.014    0.003
   4.000    0.009    0.002
   4.020    0.006    0.001
   4.040    0.005    0.001
   4.060    0.007    0.000
   4.080    0.012    0.000
   4.100    0.023    0.000
   4.120    0.038    0.000
   4.140    0.067    0.000
   4.160    0.109    0.000
   4.180    0.185    0.000
   4.200    0.291    0.000
   4.220    0.440    0.000
   4.240    0.634    0.000
   4.260    0.901    0.000
   4.280    1.222    0.000
   4.300    1.606    0.000
   4.320    2.021    0.000
   4.340    2.476    0.000
   4.360    2.932    0.000
   4.380    3.317    0.000
   4.400    3.675    0.000
   4.420    3.896    0.000
   4.440    4.024    0.000
   4.460    3.954    0.000
   4.480    3.804    0.000
   4.500    3.502    0.000
   4.520    3.133    0.000
   4.540    2.740    0.000
   4.560    2.288    0.000
   4.580    1.841    0.000
   4.600    1.468    0.000
   4.620    1.108    0.000
   4.640    0.818    0.000
   4.660    0.577    0.000
   4.680    0.409    0.000
   4.700    0.273    0.000
   4.720    0.175    0.000
   4.740    0.112    0.000
   4.760    0.071    0.001
   4.780    0.045    0.001
   4.800    0.033    0.002
   4.820    0.029    0.004
   4.840    0.037    0.007
   4.860    0.054    0.012
   4.880    0.086    0.021
   4.900    0.135    0.033
   4.920    0.199    0.050
   4.940    0.297    0.074
   4.960    0.403    0.101
   4.980    0.544    0.137
   5.000    0.698    0.177
   5.020    0.873    0.221
   5.040    1.040    0.261
   5.060    1.207    0.304
   5.080    1.329    0.331
   5.100    1.435    0.358
   5.120    1.492    0.373
   5.140    1.497    0.368
   5.160    1.454    0.362
   5.180    1.356    0.336
   5.200    1.234    0.309
   5.220    1.084    0.268
   5.240    0.912    0.227
   5.260    0.757    0.191
   5.280    0.605    0.152
   5.300    0.468    0.116
   5.320    0.352    0.087
   5.340    0.262    0.064
   5.360    0.192    0.044
   5.380    0.145    0.031
   5.400    0.117    0.022
   5.420    0.108    0.014
   5.440    0.112    0.009
   5.460    0.149    0.005
   5.480    0.196    0.003
   5.500    0.274    0.002
   5.520    0.375    0.001
   5.540    0.503    0.001
   5.560    0.675    0.000
   5.580    0.858    0.000
   5.600    1.068    0.000
   5.620    1.292    0.000
   5.640    1.515    0.000
   5.660    1.747    0.000
   5.680    1.930    0.000
   5.700    2.092    0.000
   5.720    2.176    0.000
   5.740    2.221    0.000
   5.760    2.185    0.000
   5.780    2.110    0.000
   5.800    1.973    0.000
   5.820    1.785    0.000
   5.840    1.566    0.000
   5.860    1.332    0.000
   5.880    1.099    0.000
   5.900    0.888    0.000
   5.920    0.691    0.000
   5.940    0.534    0.001
   5.960    0.397    0.002
   5.980    0.294    0.003
   6.000    0.217    0.005
   6.020    0.166    0.008
   6.040    0.136    0.012
   6.060    0.128    0.019
   6.080    0.143    0.027
   6.100    0.164    0.037
   6.120    0.209    0.049
   6.140    0.259    0.062
   6.160    0.319    0.078
   6.180    0.388    0.095
   6.200    0.454    0.114
   6.220    0.518    0.132
   6.240    0.569    0.140
   6.260    0.607    0.153
   6.280    0.621    0.154
   6.300    0.631    0.158
   6.320    0.600    0.151
   6.340    0.565    0.141
   6.360    0.512    0.127
   6.380    0.458    0.115
   6.400    0.394    0.096
   6.420    0.329    0.079
   6.440    0.275    0.064
   6.460    0.236    0.048
   6.480    0.214    0.036
   6.500    0.217    0.026
   6.520    0.250    0.019
   6.540    0.310    0.012
   6.560    0.415    0.009
   6.580    0.564    0.006
   6.600    0.753    0.004
   6.620    0.988    0.002
   6.640    1.273    0.001
   6.660    1.583    0.001
   6.680    1.914    0.000
   6.700    2.245    0.000
   6.720    2.562    0.000
   6.740    2.825    0.000
   6.760    3.029    0.000
   6.780    3.134    0.000
   6.800    3.147    0.000
   6.820    3.082    0.000
   6.840    2.908    0.000
   6.860    2.663    0.000
   6.880    2.369    0.001
   6.900    2.049    0.001
   6.920    1.714    0.001
   6.940    1.398    0.002
   6.960    1.115    0.003
   6.980    0.854    0.005
   7.000    0.657    0.007
   7.020    0.493    0.011
   7.040    0.373    0.015
   7.060    0.296    0.020
   7.080    0.247    0.027
   7.100    0.226    0.034
   7.120    0.224    0.042
   7.140    0.235    0.051
   7.160    0.252    0.057
   7.180    0.277    0.066
   7.200    0.305    0.074
   7.220    0.322    0.080
   7.240    0.339    0.084
   7.260    0.341    0.084
   7.280    0.341    0.082
   7.300    0.329    0.081
   7.320    0.313    0.076
   7.340    0.290    0.069
   7.360    0.268    0.060
   7.380    0.255    0.054
   7.400    0.240    0.045
   7.420    0.240    0.036
   7.440    0.258    0.029
   7.460    0.298    0.022
   7.480    0.355    0.017
   7.500    0.438    0.012
   7.520    0.555    0.009
   7.540    0.693    0.006
   7.560    0.859    0.004
   7.580    1.038    0.003
   7.600    1.212    0.002
   7.620    1.389    0.001
   7.640    1.557    0.001
   7.660    1.673    0.001
   7.680    1.752    0.000
   7.700    1.796    0.001
   7.720    1.774    0.001
   7.740    1.710    0.002
   7.760    1.607    0.003
   7.780    1.470    0.005
   7.800    1.313    0.007
   7.820    1.139    0.010
   7.840    0.980    0.017
   7.860    0.837    0.023
   7.880    0.714    0.033
   7.900    0.635    0.046
   7.920    0.585    0.063
   7.940    0.572    0.082
   7.960    0.596    0.107
   7.980    0.638    0.129
   8.000    0.707    0.157
   8.020    0.786    0.183
   8.040    0.875    0.208
   8.060    0.950    0.233
   8.080    1.014    0.251
   8.100    1.055    0.261
   8.120    1.070    0.267
   8.140    1.058    0.265
   8.160    1.024    0.253
   8.180    0.954    0.235
   8.200    0.870    0.212
   8.220    0.787    0.188
   8.240    0.698    0.161
   8.260    0.613    0.134
   8.280    0.548    0.108
   8.300    0.503    0.086
   8.320    0.482    0.066
   8.340    0.485    0.048
   8.360    0.519    0.035
   8.380    0.568    0.025
   8.400    0.640    0.017
   8.420    0.718    0.011
   8.440    0.795    0.008
   8.460    0.868    0.005
   8.480    0.933    0.003
   8.500    0.963    0.003
   8.520    0.973    0.002
   8.540    0.955    0.002
   8.560    0.917    0.004
   8.580    0.857    0.006
   8.600    0.779    0.009
   8.620    0.704    0.013
   8.640    0.627    0.019
   8.660    0.562    0.028
   8.680    0.513    0.039
   8.700    0.489    0.053
   8.720    0.486    0.070
   8.740    0.507    0.088
   8.760    0.546    0.110
   8.780    0.603    0.130
   8.800    0.670    0.155
   8.820    0.738    0.176
   8.840    0.800    0.194
   8.860    0.853    0.210
   8.880    0.890    0.216
   8.900    0.898    0.218
   8.920    0.892    0.211
   8.940    0.878    0.202
   8.960    0.852    0.188
   8.980    0.819    0.168
   9.000    0.805    0.149
   9.020    0.806    0.125
   9.040    0.840    0.105
   9.060    0.910    0.082
   9.080    1.015    0.063
   9.100    1.155    0.048
   9.120    1.336    0.036
   9.140    1.539    0.025
   9.160    1.755    0.018
   9.180    1.971    0.012
   9.200    2.154    0.008
   9.220    2.299    0.005
   9.240    2.392    0.003
   9.260    2.417    0.002
   9.280    2.385    0.001
   9.300    2.277    0.001
   9.320    2.116    0.000
   9.340    1.922    0.000
   9.360    1.687    0.000
   9.380    1.441    0.000
   9.400    1.199    0.000
   9.420    0.966    0.000
   9.440    0.761    0.000
   9.460    0.581    0.000
   9.480    0.432    0.000
   9.500    0.313    0.000
   9.520    0.221    0.000
   9.540    0.153    0.000
   9.560    0.106    0.000
   9.580    0.078    0.000
   9.600    0.062    0.000
   9.620    0.059    0.000
   9.640    0.068    0.000
   9.660    0.087    0.000
   9.680    0.120    0.000
   9.700    0.166    0.000
   9.720    0.226    0.000
   9.740    0.306    0.000
   9.760    0.402    0.000
   9.780    0.517    0.000
   9.800    0.638    0.000
   9.820    0.775    0.000
   9.840    0.915    0.000
   9.860    1.045    0.000
   9.880    1.163    0.000
   9.900    1.257    0.001
   9.920    1.331    0.001
   9.940    1.360    0.001
   9.960    1.361    0.002
   9.980    1.327    0.003
  10.000    1.256    0.005
  10.020    1.164    0.008
  10.040    1.049    0.011
  10.060    0.933    0.016
  10.080    0.819    0.020
  10.100    0.712    0.028
  10.120    0.621    0.035
  10.140    0.545    0.042
  10.160    0.489    0.051
  10.180    0.446    0.059
  10.200    0.420    0.066
  10.220    0.407    0.074
  10.240    0.399    0.079
  10.260    0.395    0.081
  10.280    0.396    0.082
  10.300    0.395    0.079
  10.320    0.400    0.076
  10.340    0.413    0.068
  10.360    0.432    0.061
  10.380    0.468    0.054
  10.400    0.510    0.046
  10.420    0.578    0.037
  10.440    0.656    0.030
  10.460    0.749    0.023
  10.480    0.851    0.018
  10.500    0.954    0.014
  10.520    1.051    0.010
  10.540    1.130    0.008
  10.560    1.185    0.008
  10.580    1.228    0.008
  10.600    1.232    0.009
  10.620    1.212    0.012
  10.640    1.162    0.017
  10.660    1.103    0.025
  10.680    1.031    0.034
  10.700    0.953    0.044
  10.720    0.891    0.058
  10.740    0.830    0.074
  10.760    0.794    0.092
  10.780    0.768    0.110
  10.800    0.756    0.126
  10.820    0.764    0.142
  10.840    0.778    0.155
  10.860    0.789    0.167
  10.880    0.808    0.175
  10.900    0.818    0.176
  10.920    0.825    0.171
  10.940    0.835    0.165
  10.960    0.849    0.153
  10.980    0.868    0.138
  11.000    0.899    0.120
  11.020    0.950    0.103
  11.040    1.021    0.085
  11.060    1.106    0.068
  11.080    1.208    0.053
  11.100    1.319    0.042
  11.120    1.424    0.032
  11.140    1.518    0.024
  11.160    1.590    0.019
  11.180    1.633    0.015
  11.200    1.640    0.015
  11.220    1.611    0.016
  11.240    1.548    0.019
  11.260    1.460    0.024
  11.280    1.354    0.030
  11.300    1.234    0.039
  11.320    1.122    0.050
  11.340    1.008    0.061
  11.360    0.910    0.073
  11.380    0.828    0.087
  11.400    0.766    0.097
  11.420    0.722    0.109
  11.440    0.685    0.116
  11.460    0.665    0.123
  11.480    0.647    0.126
  11.500    0.636    0.125
  11.520    0.630    0.121
  11.540    0.629    0.114
  11.560    0.636    0.105
  11.580    0.653    0.094
  11.600    0.671    0.082
  11.620    0.707    0.069
  11.640    0.753    0.057
  11.660    0.802    0.045
  11.680    0.857    0.036
  11.700    0.913    0.029
  11.720    0.960    0.023
  11.740    0.994    0.018
  11.760    1.017    0.017
  11.780    1.014    0.016
  11.800    0.993    0.018
  11.820    0.956    0.022
  11.840    0.908    0.027
  11.860    0.852    0.034
  11.880    0.797    0.044
  11.900    0.740    0.053
  11.920    0.692    0.065
  11.940    0.653    0.076
  11.960    0.623    0.086
  11.980    0.601    0.096
  12.000    0.587    0.104
  12.020    0.579    0.108
  12.040    0.578    0.110
  12.060    0.579    0.111
  12.080    0.583    0.107
  12.100    0.592    0.100
  12.120    0.607    0.093
  12.140    0.628    0.082
  12.160    0.655    0.072
  12.180    0.693    0.060
  12.200    0.731    0.050
  12.220    0.779    0.040
  12.240    0.821    0.032
  12.260    0.856    0.025
  12.280    0.890    0.019
  12.300    0.901    0.014
  12.320    0.900    0.012
  12.340    0.883    0.010
  12.360    0.844    0.010
  12.380    0.792    0.010
  12.400    0.725    0.012
  12.420    0.658    0.015
  12.440    0.585    0.017
  12.460    0.514    0.020
  12.480    0.454    0.023
  12.500    0.402    0.026
  12.520    0.366    0.029
  12.540    0.343    0.032
  12.560    0.332    0.033
  12.580    0.342    0.034
  12.600    0.367    0.033
  12.620    0.412    0.032
  12.640    0.473    0.030
  12.660    0.558    0.028
  12.680    0.658    0.024
  12.700    0.766    0.021
  12.720    0.892    0.018
  12.740    1.017    0.015
  12.760    1.139    0.013
  12.780    1.247    0.012
  12.800    1.333    0.011
  12.820    1.398    0.011
  12.840    1.426    0.013
  12.860    1.421    0.015
  12.880    1.391    0.020
  12.900    1.330    0.026
  12.920    1.244    0.033
  12.940    1.154    0.041
  12.960    1.056    0.050
  12.980    0.961    0.059
  13.000    0.877    0.068
  13.020    0.806    0.078
  13.040    0.751    0.085
  13.060    0.713    0.090
  13.080    0.697    0.094
  13.100    0.696    0.094
  13.120    0.719    0.094
  13.140    0.753    0.088
  13.160    0.811    0.082
  13.180    0.885    0.076
  13.200    0.971    0.066
  13.220    1.068    0.057
  13.240    1.174    0.049
  13.260    1.279    0.043
  13.280    1.374    0.036
  13.300    1.456    0.032
  13.320    1.524    0.030
  13.340    1.555    0.031
  13.360    1.566    0.035
  13.380    1.548    0.042
  13.400    1.505    0.053
  13.420    1.445    0.064
  13.440    1.378    0.079
  13.460    1.302    0.095
  13.480    1.231    0.111
  13.500    1.160    0.129
  13.520    1.097    0.143
  13.540    1.039    0.155
  13.560    0.992    0.167
  13.580    0.943    0.170
  13.600    0.897    0.171
  13.620    0.850    0.167
  13.640    0.802    0.158
  13.660    0.755    0.144
  13.680    0.708    0.131
  13.700    0.659    0.113
  13.720    0.617    0.097
  13.740    0.578    0.079
  13.760    0.542    0.063
  13.780    0.511    0.050
  13.800    0.476    0.038
  13.820    0.448    0.028
  13.840    0.417    0.020
  13.860    0.384    0.014
  13.880    0.352    0.010
  13.900    0.318    0.007
  13.920    0.283    0.004
  13.940    0.255    0.003
  13.960    0.223    0.002
  13.980    0.199    0.001
  14.000    0.187    0.001
  14.020    0.186    0.000
  14.040    0.196    0.000
  14.060    0.226    0.000
  14.080    0.273    0.000
  14.100    0.338    0.000
  14.120    0.420    0.000
  14.140    0.523    0.000
  14.160    0.630    0.000
  14.180    0.748    0.000
  14.200    0.874    0.001
  14.220    0.988    0.001
  14.240    1.089    0.001
  14.260    1.168    0.002
  14.280    1.220    0.003
  14.300    1.243    0.003
  14.320    1.233    0.004
  14.340    1.193    0.006
  14.360    1.125    0.007
  14.380    1.038    0.009
  14.400    0.937    0.011
  14.420    0.832    0.013
  14.440    0.733    0.015
  14.460    0.644    0.017
  14.480    0.570    0.018
  14.500    0.519    0.019
  14.520    0.492    0.020
  14.540    0.490    0.020
  14.560    0.516    0.019
  14.580    0.564    0.019
  14.600    0.636    0.018
  14.620    0.725    0.017
  14.640    0.822    0.016
  14.660    0.922    0.016
  14.680    1.022    0.016
  14.700    1.117    0.018
  14.720    1.192    0.021
  14.740    1.245    0.025
  14.760    1.281    0.031
  14.780    1.289    0.039
  14.800    1.277    0.050
  14.820    1.245    0.061
  14.840    1.204    0.074
  14.860    1.155    0.089
  14.880    1.100    0.101
  14.900    1.047    0.115
  14.920    0.992    0.124
  14.940    0.948    0.134
  14.960    0.907    0.138
  14.980    0.870    0.139
  15.000    0.842    0.138
  15.020    0.813    0.132
  15.040    0.796    0.123
  15.060    0.778    0.111
  15.080    0.765    0.100
  15.100    0.755    0.087
  15.120    0.746    0.075
  15.140    0.746    0.065
  15.160    0.738    0.056
  15.180    0.734    0.051
  15.200    0.726    0.047
  15.220    0.715    0.047
  15.240    0.707    0.050
  15.260    0.693    0.055
  15.280    0.682    0.061
  15.300    0.677    0.068
  15.320    0.675    0.077
  15.340    0.678    0.085
  15.360    0.694    0.091
  15.380    0.718    0.096
  15.400    0.750    0.098
  15.420    0.796    0.098
  15.440    0.854    0.096
  15.460    0.922    0.092
  15.480    0.998    0.085
  15.500    1.079    0.077
  15.520    1.164    0.068
  15.540    1.241    0.060
  15.560    1.310    0.051
  15.580    1.366    0.044
  15.600    1.400    0.039
  15.620    1.408    0.035
  15.640    1.387    0.033
  15.660    1.349    0.034
  15.680    1.286    0.036
  15.700    1.202    0.039
  15.720    1.110    0.043
  15.740    1.013    0.048
  15.760    0.915    0.052
  15.780    0.825    0.056
  15.800    0.746    0.060
  15.820    0.677    0.061
  15.840    0.624    0.061
  15.860    0.586    0.060
  15.880    0.562    0.057
  15.900    0.552    0.054
  15.920    0.550    0.048
  15.940    0.554    0.044
  15.960    0.563    0.039
  15.980    0.573    0.035
  16.000    0.582    0.031
  16.020    0.590    0.029
  16.040    0.594    0.029
  16.060    0.587    0.029
  16.080    0.580    0.031
  16.100    0.567    0.034
  16.120    0.551    0.039
  16.140    0.533    0.044
  16.160    0.512    0.048
  16.180    0.494    0.052
  16.200    0.482    0.056
  16.220    0.474    0.058
  16.240    0.469    0.059
  16.260    0.474    0.060
  16.280    0.479    0.058
  16.300    0.490    0.056
  16.320    0.508    0.052
  16.340    0.530    0.048
  16.360    0.552    0.045
  16.380    0.571    0.042
  16.400    0.595    0.040
  16.420    0.614    0.040
  16.440    0.635    0.043
  16.460    0.650    0.047
  16.480    0.663    0.052
  16.500    0.676    0.060
  16.520    0.690    0.068
  16.540    0.702    0.078
  16.560    0.718    0.087
  16.580    0.735    0.095
  16.600    0.765    0.102
  16.620    0.795    0.107
  16.640    0.833    0.109
  16.660    0.879    0.108
  16.680    0.931    0.105
  16.700    0.990    0.100
  16.720    1.047    0.092
  16.740    1.108    0.084
  16.760    1.162    0.074
  16.780    1.207    0.065
  16.800    1.243    0.056
  16.820    1.261    0.049
  16.840    1.260    0.044
  16.860    1.237    0.041
  16.880    1.199    0.039
  16.900    1.147    0.039
  16.920    1.079    0.041
  16.940    1.014    0.043
  16.960    0.945    0.045
  16.980    0.883    0.048
  17.000    0.835    0.050
  17.020    0.807    0.052
  17.040    0.794    0.051
  17.060    0.799    0.050
  17.080    0.825    0.048
  17.100    0.865    0.045
  17.120    0.913    0.041
  17.140    0.968    0.036
  17.160    1.018    0.031
  17.180    1.058    0.026
  17.200    1.085    0.021
  17.220    1.089    0.017
  17.240    1.073    0.012
  17.260    1.038    0.009
  17.280    0.983    0.007
  17.300    0.913    0.005
  17.320    0.833    0.003
  17.340    0.753    0.002
  17.360    0.677    0.002
  17.380    0.613    0.001
  17.400    0.562    0.001
  17.420    0.532    0.001
  17.440    0.526    0.001
  17.460    0.537    0.001
  17.480    0.567    0.002
  17.500    0.609    0.003
  17.520    0.661    0.004
  17.540    0.715    0.005
  17.560    0.766    0.007
  17.580    0.802    0.010
  17.600    0.834    0.013
  17.620    0.848    0.016
  17.640    0.846    0.020
  17.660    0.831    0.025
  17.680    0.808    0.030
  17.700    0.779    0.034
  17.720    0.749    0.038
  17.740    0.718    0.042
  17.760    0.697    0.045
  17.780    0.689    0.047
  17.800    0.692    0.047
  17.820    0.708    0.047
  17.840    0.737    0.045
  17.860    0.773    0.043
  17.880    0.819    0.040
  17.900    0.865    0.038
  17.920    0.904    0.035
  17.940    0.943    0.034
  17.960    0.967    0.033
  17.980    0.976    0.033
  18.000    0.969    0.035
  18.020    0.949    0.038
  18.040    0.920    0.041
  18.060    0.874    0.045
  18.080    0.826    0.049
  18.100    0.772    0.053
  18.120    0.723    0.057
  18.140    0.673    0.058
  18.160    0.635    0.060
  18.180    0.604    0.060
  18.200    0.582    0.060
  18.220    0.566    0.058
  18.240    0.562    0.057
  18.260    0.563    0.054
  18.280    0.574    0.054
  18.300    0.587    0.055
  18.320    0.604    0.058
  18.340    0.626    0.062
  18.360    0.650    0.069
  18.380    0.672    0.078
  18.400    0.699    0.088
  18.420    0.724    0.098
  18.440    0.749    0.108
  18.460    0.771    0.117
  18.480    0.794    0.125
  18.500    0.811    0.130
  18.520    0.828    0.132
  18.540    0.838    0.131
  18.560    0.846    0.127
  18.580    0.849    0.120
  18.600    0.849    0.110
  18.620    0.841    0.101
  18.640    0.836    0.091
  18.660    0.823    0.081
  18.680    0.806    0.072
  18.700    0.788    0.066
  18.720    0.767    0.060
  18.740    0.746    0.057
  18.760    0.728    0.055
  18.780    0.714    0.055
  18.800    0.705    0.056
  18.820    0.704    0.057
  18.840    0.714    0.057
  18.860    0.737    0.058
  18.880    0.768    0.057
  18.900    0.812    0.056
  18.920    0.860    0.052
  18.940    0.916    0.049
  18.960    0.968    0.044
  18.980    1.016    0.039
  19.000    1.049    0.033
  19.020    1.072    0.028
  19.040    1.075    0.022
  19.060    1.057    0.018
  19.080    1.019    0.014
  19.100    0.965    0.011
  19.120    0.900    0.008
  19.140    0.829    0.006
  19.160    0.756    0.004
  19.180    0.692    0.003
  19.200    0.638    0.003
  19.220    0.602    0.003
  19.240    0.583    0.004
  19.260    0.582    0.006
  19.280    0.594    0.008
  19.300    0.625    0.011
  19.320    0.664    0.016
  19.340    0.708    0.022
  19.360    0.753    0.029
  19.380    0.795    0.037
  19.400    0.832    0.047
  19.420    0.858    0.058
  19.440    0.879    0.069
  19.460    0.891    0.080
  19.480    0.896    0.091
  19.500    0.895    0.100
  19.520    0.889    0.107
  19.540    0.882    0.113
  19.560    0.870    0.115
  19.580    0.861    0.115
  19.600    0.847    0.112
  19.620    0.836    0.107
  19.640    0.826    0.101
  19.660    0.815    0.094
  19.680    0.802    0.086
  19.700    0.791    0.080
  19.720    0.779    0.075
  19.740    0.767    0.072
  19.760    0.756    0.070
  19.780    0.745    0.070
  19.800    0.733    0.070
  19.820    0.730    0.072
  19.840    0.729    0.075
  19.860    0.732    0.076
  19.880    0.743    0.076
  19.900    0.757    0.076
  19.920    0.774    0.074
  19.940    0.799    0.070
  19.960    0.818    0.065
  19.980    0.836    0.058
  20.000    0.850    0.052
  20.020    0.854    0.044
  20.040    0.849    0.037
  20.060    0.834    0.030
  20.080    0.809    0.024
  20.100    0.775    0.018
  20.120    0.738    0.014
  20.140    0.695    0.010
  20.160    0.658    0.007
  20.180    0.627    0.005
  20.200    0.610    0.004
  20.220    0.603    0.003
  20.240    0.613    0.002
  20.260    0.634    0.002
  20.280    0.668    0.002
  20.300    0.708    0.003
  20.320    0.747    0.003
  20.340    0.782    0.004
  20.360    0.808    0.005
  20.380    0.822    0.007
  20.400    0.822    0.008
  20.420    0.807    0.010
  20.440    0.776    0.012
  20.460    0.733    0.014
  20.480    0.686    0.015
