BZO 32^3 ordered
         2         3    327680                  500            655362002
timestep    160100    327680         2         3    0.000400   64.040000
      134.2060000000        0.0000000000        0.0000000000
        0.0000000000      134.2060000000       -0.0000000000
        0.0000000000       -0.0000000000      134.2060000000
Ba               1  124.320000    5.620000    0.161415
     66.97564049         67.10295775         67.08484456
     1.996780932        0.2139723258        -2.747568911
     4713.759915         3077.757179         3986.387132
Bas              2   13.000000   -3.760000    0.151854
     66.98370432         67.10207627         67.08389264
     1.377937970        0.1931234873        -2.793988256
    -2238.590323         360.3614528        -1339.573292
Ba               3  124.320000    5.620000    0.036311
    -62.96839025         67.06075098         67.01586263
    -3.138255886        -2.137016041         1.148546663
    -837.0309616         11370.84148         1892.471767
Bas              4   13.000000   -3.760000    0.033412
    -62.97140007         67.06213864         67.02160155
    -2.638372393       -0.9490600891        0.7830467693
     2456.117387        -5464.531331         4484.874715
Ba               5  124.320000    5.620000    0.212147
    -58.59636098        -66.96764926         67.02776497
    0.9598159224       -0.3705784084        0.6985371369
    -7542.108231        -5937.236549         2401.228298
Bas              6   13.000000   -3.760000    0.209150
    -58.59857211        -66.97490224         67.02418359
    0.4709517126       -0.9175588340         1.414629858
     906.4581114         763.8008028         1229.463889
Ba               7  124.320000    5.620000    0.190198
    -54.41938361         67.09563541         67.05537104
    0.5989078710         1.195412184        -1.481567168
     1177.464889         6755.975459        -2817.262400
Bas              8   13.000000   -3.760000    0.174112
    -54.42740675        -67.10251035         67.05120342
    0.4112241238         1.678258144        -1.667071330
    -1743.136036        -4404.719985         2339.272048
Ba               9  124.320000    5.620000    0.246146
    -50.26926100        -67.07653951         67.03996513
    0.7177984888         1.179281153        0.1323988288
     1730.604958        -3669.879494        -1452.571133
Bas             10   13.000000   -3.760000    0.240188
    -50.27219606        -67.08103261         67.03820959
    0.8413498684         1.690936809        0.9517213953
    -1672.608681         4348.483613         1572.902279
Ba              11  124.320000    5.620000    0.108636
    -46.08150843         67.02679080        -67.05123378
    0.1284842537E-01   -0.7892591184E-01    0.5992111585
     2034.406643         4079.257547        -4437.908140
Bas             12   13.000000   -3.760000    0.104576
    -46.08335287         67.02819037        -67.04749944
   -0.7353090245       -0.6589828326        0.6793213127
    -3253.506388         1371.820928         367.6958445
Ba              13  124.320000    5.620000    0.092355
    -41.95188910         67.09289567         67.04866758
    0.2605942193       -0.5963998580       -0.9314634394
    -1795.169558        -1890.041900         2821.716655
Bas             14   13.000000   -3.760000    0.087067
    -41.95166986         67.09326191         67.05303787
    0.2507614968       -0.7977637674       -0.4767079569
     1586.973922         2700.772855        -1802.083661
Ba              15  124.320000    5.620000    0.120117
    -37.72520798        -67.09038389        -66.98125652
     1.875086305        0.3890364056E-01     1.804324987
    -3233.284204         2720.401119        -2768.683674
Bas             16   13.000000   -3.760000    0.118038
    -37.72723856        -67.08981881        -66.98112519
     1.277077238       -0.6523451386         1.918329588
     1778.921599        -1403.892409        -2970.861607
Ba              17  124.320000    5.620000    0.081454
    -33.53458205        -67.02495414         67.02120287
   -0.4533726054         1.467642565        0.7044301883
     2761.789145        -1036.523955         5614.373600
Bas             18   13.000000   -3.760000    0.068306
    -33.53022760        -67.03588584         67.03047542
   -0.2112457947         1.924762973        0.9371600389
    -1837.506291         685.8960444        -630.7164585
Ba              19  124.320000    5.620000    0.115331
    -29.33821122        -67.07794716        -67.04395200
     2.372836374       -0.3458860667        0.5139227985E-01
     235.8415363         856.2809317        -630.5609093
Bas             20   13.000000   -3.760000    0.106906
    -29.33791585        -67.07572571        -67.05236762
     2.202330356       -0.8714198296        0.2260891196
    -2169.183642         909.8359683        -331.5286859
Ba              21  124.320000    5.620000    0.217786
    -25.18073107        -67.02036586         67.09910463
   -0.2121446606         1.526110327       -0.1444256812
     4036.135791        -3816.427872        -6131.427734
Bas             22   13.000000   -3.760000    0.215831
    -25.18194645        -67.02425348         67.09730573
    0.8440111996        0.9154481933       -0.2134267706
    -3625.525463         303.5080710         4471.963954
Ba              23  124.320000    5.620000    0.193509
    -20.98804661        -67.07968558         67.03964641
   -0.5710098506        0.1695464023         1.095504228
     2188.437864         1666.694521         859.9681572
Bas             24   13.000000   -3.760000    0.180886
    -20.98005056        -67.08163604         67.04324291
   -0.4834922161        0.1726954857         1.459395956
    -850.1950014        -2238.738842         31.34774395
Ba              25  124.320000    5.620000    0.274155
    -16.77413406         67.07558977         67.05360815
    0.6422430194        0.3878032881        0.8108958700E-01
    -3484.861112         2771.210686         583.2517208
Bas             26   13.000000   -3.760000    0.259494
    -16.77589310         67.08176197         67.06253603
    0.5442057326        0.2202106401        0.5105766533
     2831.254646         920.6466763         223.3891163
Ba              27  124.320000    5.620000    0.100828
    -12.56300649         67.01664301         67.04026332
   -0.4451488774E-01   -0.6342322036       -0.2811125094
     2552.414392         1924.683951         8630.218669
Bas             28   13.000000   -3.760000    0.099143
    -12.56037531         67.01538813         67.05011283
   -0.2186603906       -0.5704353892E-01   -0.9511310257
    -3961.600270         2677.442694        -3841.436227
Ba              29  124.320000    5.620000    0.108126
    -8.373522695         67.09441031        -66.96982821
    0.3991236786        0.7177873798        0.6691309681
    -1580.198300         491.9216570        -953.9319901
Bas             30   13.000000   -3.760000    0.105275
    -8.375621951         67.09273900        -66.97516259
    0.2602118604       -0.7788882659        0.6018600963
     1080.619839        -524.3096501        -3156.307795
Ba              31  124.320000    5.620000    0.139319
    -4.245959739         67.07965296         67.10288691
     2.361565711        0.8576516655        0.7498751586
     4159.376675        -1188.751114         693.4198353
Bas             32   13.000000   -3.760000    0.135854
    -4.246365460         67.07521877        -67.10257961
     2.338189707        0.1773574858       -0.7201115718E-01
    -2552.334751         2324.006038         632.5319019
Ba              33  124.320000    5.620000    0.098737
    0.2950604606E-01    -67.03866672        -67.06431761
    0.6799929339       -0.7599479829        0.5437922751
    -3921.891767         642.7040851        -1578.761776
Bas             34   13.000000   -3.760000    0.102506
    0.2735686718E-01    -67.04106951        -67.06130758
    0.2913436565       -0.9760198076        0.3147250085
     959.8091011        -3168.443282         952.7067905
Ba              35  124.320000    5.620000    0.123722
     4.138779268         67.07964571         67.02074126
    0.1689095528        0.4990289335        0.4643045668
     1217.859558        -973.4284423        -1582.231603
Bas             36   13.000000   -3.760000    0.124598
     4.135932370         67.07694763         67.02200013
   -0.2088071930        0.5427671365        0.6304333338
     180.9942280        -43.32321736         2881.649145
Ba              37  124.320000    5.620000    0.087386
     8.323621599         67.02670071         67.07324722
    0.6386796863         1.265631011        0.7364641680
    -2223.972204         4107.558729        -1450.526792
Bas             38   13.000000   -3.760000    0.080771
     8.327021605         67.03370018         67.08103361
    0.6857102505         2.469488202        0.6087497469
     1701.946612        -1259.928860        -1065.400956
Ba              39  124.320000    5.620000    0.240088
     12.47222673         67.01047107         67.08088382
     1.259611664       -0.9378293964       -0.7516759625
     4770.153029         2293.564885         2467.442881
Bas             40   13.000000   -3.760000    0.222755
     12.47875425         67.02083201         67.08289155
    0.8463636841       -0.7779455884        -1.149719193
     1199.831995         3795.568953        -3494.540469
Ba              41  124.320000    5.620000    0.139279
     16.81611237        -67.07248136        -67.09111240
    0.3677422445       -0.7183185554        -1.153264679
     1701.265199        -942.3906945        -3956.273334
Bas             42   13.000000   -3.760000    0.131216
     16.81476248        -67.07477669        -67.08910899
    0.7844522315        0.3800231248       -0.2202025805
    -3916.194237         1098.257810         517.6744514
Ba              43  124.320000    5.620000    0.230554
     20.94224966         67.01125861         67.08696083
    0.5284362568       -0.9169923885        -1.498532483
    -294.2540715        -1145.821801         216.9813386
Bas             44   13.000000   -3.760000    0.210273
     20.94781663         67.01915831         67.08455412
    0.9720245998        -1.201469726        -1.603187869
     1645.811334         4981.479086        -1296.766479
Ba              45  124.320000    5.620000    0.056437
     25.10806755        -67.08685353         66.96820021
    -1.603561903       -0.2093828631        0.5646789213
     3389.207610        -1868.664407         2246.938628
Bas             46   13.000000   -3.760000    0.056329
     25.11064717        -67.08663524         66.96968976
    -1.816433317       -0.4621994406         1.182858625
    -2960.919749        -389.2121780         1148.587831
Ba              47  124.320000    5.620000    0.213191
     29.43305312        -67.07974846         67.05392630
    -2.499562839        -1.383691670         1.301907543
     2247.267749         1320.154062        -3567.593041
Bas             48   13.000000   -3.760000    0.203725
     29.43335908        -67.07922682         67.05434905
    -2.067127996       -0.9113367590         1.352847355
    -4336.733825         1486.465645         1113.779856
Ba              49  124.320000    5.620000    0.063753
     33.60590884        -67.01184769         67.03985809
    0.5550206959E-01    -1.088799522       -0.8187169904
     540.5762615         840.7173703         2778.878934
Bas             50   13.000000   -3.760000    0.045420
     33.60825995        -67.01593005         67.04171753
    0.2736538700E-01   -0.4383695132       -0.6319473846
    -5.228913059        -201.5328121        -4412.493420
Ba              51  124.320000    5.620000    0.212236
     37.67441602         67.06883342         67.08377378
     1.784970143       -0.4921952816E-01    -1.959345300
     1216.361643         6150.218600        -1166.243694