BZO 32^3 ordered                                                        
         2         3    327680                  500            655362002
timestep    160100    327680         2         3    0.000400   64.040000
      134.2060000000        0.0000000000        0.0000000000            
        0.0000000000      134.2060000000       -0.0000000000            
        0.0000000000       -0.0000000000      134.2060000000            
Ba               1  124.320000    5.620000    0.161415                  
     66.97564049         67.10295775         67.08484456                
     1.996780932        0.2139723258        -2.747568911                
     4713.759915         3077.757179         3986.387132                
Bas              2   13.000000   -3.760000    0.151854                  
     66.98370432         67.10207627         67.08389264                
     1.377937970        0.1931234873        -2.793988256                
    -2238.590323         360.3614528        -1339.573292                
Ba               3  124.320000    5.620000    0.036311                  
    -62.96839025         67.06075098         67.01586263                
    -3.138255886        -2.137016041         1.148546663                
    -837.0309616         11370.84148         1892.471767                
Bas              4   13.000000   -3.760000    0.033412                  
    -62.97140007         67.06213864         67.02160155                
    -2.638372393       -0.9490600891        0.7830467693                
     2456.117387        -5464.531331         4484.874715                
Ba               5  124.320000    5.620000    0.212147                  
    -58.59636098        -66.96764926         67.02776497                
    0.9598159224       -0.3705784084        0.6985371369                
    -7542.108231        -5937.236549         2401.228298                
Bas              6   13.000000   -3.760000    0.209150                  
    -58.59857211        -66.97490224         67.02418359                
    0.4709517126       -0.9175588340         1.414629858                
     906.4581114         763.8008028         1229.463889                
Ba               7  124.320000    5.620000    0.190198                  
    -54.41938361         67.09563541         67.05537104                
    0.5989078710         1.195412184        -1.481567168                
     1177.464889         6755.975459        -2817.262400                
