 Substance:BTO       2022/06/11 10:07:54                     
 Input files: BTO500_n0001.dat to ./data/BTO500_n0001.dat step           1
 Supercell size:          50
 Integration Monte Carlo      20000000 cell pairs
 Atoms/unit_cell:           5
 Atoms  :    Ba      Ti      O1      O2      O3  
 Atom no.        1       2       3       4       5
 Occup's:   1.0000  1.0000  1.0000  1.0000  1.0000
 at_weights:   1.0000  1.0000  1.0000  1.0000  1.0000
 Masks	:        1       1       1       1       1

 Atom pair partials:
                       1       2       3       4       5       1       1       2       3
                       1       2       3       4       5       2       3       3       4
   r(A^)   PDF_tot   PDF partials (cf. above)
   0.020    0.000    0.000   0.000   0.000   0.000   0.000   0.000   0.000   0.000   0.000
   0.040    0.000    0.000   0.000   0.000   0.000   0.000   0.000   0.000   0.000   0.000
   0.060    0.000    0.000   0.000   0.000   0.000   0.000   0.000   0.000   0.000   0.000
   0.080    0.000    0.000   0.000   0.000   0.000   0.000   0.000   0.000   0.000   0.000
   0.100    0.000    0.000   0.000   0.000   0.000   0.000   0.000   0.000   0.000   0.000
   0.120    0.000    0.000   0.000   0.000   0.000   0.000   0.000   0.000   0.000   0.000
   0.140    0.000    0.000   0.000   0.000   0.000   0.000   0.000   0.000   0.000   0.000
   0.160    0.000    0.000   0.000   0.000   0.000   0.000   0.000   0.000   0.000   0.000
   0.180    0.000    0.000   0.000   0.000   0.000   0.000   0.000   0.000   0.000   0.000
   0.200    0.000    0.000   0.000   0.000   0.000   0.000   0.000   0.000   0.000   0.000
   0.220    0.000    0.000   0.000   0.000   0.000   0.000   0.000   0.000   0.000   0.000
   0.240    0.000    0.000   0.000   0.000   0.000   0.000   0.000   0.000   0.000   0.000
   0.260    0.000    0.000   0.000   0.000   0.000   0.000   0.000   0.000   0.000   0.000
   0.280    0.000    0.000   0.000   0.000   0.000   0.000   0.000   0.000   0.000   0.000
   0.300    0.000    0.000   0.000   0.000   0.000   0.000   0.000   0.000   0.000   0.000
   0.320    0.000    0.000   0.000   0.000   0.000   0.000   0.000   0.000   0.000   0.000
   0.340    0.000    0.000   0.000   0.000   0.000   0.000   0.000   0.000   0.000   0.000
   0.360    0.000    0.000   0.000   0.000   0.000   0.000   0.000   0.000   0.000   0.000
   0.380    0.000    0.000   0.000   0.000   0.000   0.000   0.000   0.000   0.000   0.000
   0.400    0.000    0.000   0.000   0.000   0.000   0.000   0.000   0.000   0.000   0.000
   0.420    0.000    0.000   0.000   0.000   0.000   0.000   0.000   0.000   0.000   0.000
   0.440    0.000    0.000   0.000   0.000   0.000   0.000   0.000   0.000   0.000   0.000
   0.460    0.000    0.000   0.000   0.000   0.000   0.000   0.000   0.000   0.000   0.000
   0.480    0.000    0.000   0.000   0.000   0.000   0.000   0.000   0.000   0.000   0.000
   0.500    0.000    0.000   0.000   0.000   0.000   0.000   0.000   0.000   0.000   0.000
   0.520    0.000    0.000   0.000   0.000   0.000   0.000   0.000   0.000   0.000   0.000
   0.540    0.000    0.000   0.000   0.000   0.000   0.000   0.000   0.000   0.000   0.000
   0.560    0.000    0.000   0.000   0.000   0.000   0.000   0.000   0.000   0.000   0.000
   0.580    0.000    0.000   0.000   0.000   0.000   0.000   0.000   0.000   0.000   0.000
   0.600    0.000    0.000   0.000   0.000   0.000   0.000   0.000   0.000   0.000   0.000
   0.620    0.000    0.000   0.000   0.000   0.000   0.000   0.000   0.000   0.000   0.000
   0.640    0.000    0.000   0.000   0.000   0.000   0.000   0.000   0.000   0.000   0.000
   0.660    0.000    0.000   0.000   0.000   0.000   0.000   0.000   0.000   0.000   0.000
   0.680    0.000    0.000   0.000   0.000   0.000   0.000   0.000   0.000   0.000   0.000
   0.700    0.000    0.000   0.000   0.000   0.000   0.000   0.000   0.000   0.000   0.000
   0.720    0.000    0.000   0.000   0.000   0.000   0.000   0.000   0.000   0.000   0.000
   0.740    0.000    0.000   0.000   0.000   0.000   0.000   0.000   0.000   0.000   0.000
   0.760    0.000    0.000   0.000   0.000   0.000   0.000   0.000   0.000   0.000   0.000
   0.780    0.000    0.000   0.000   0.000   0.000   0.000   0.000   0.000   0.000   0.000
   0.800    0.000    0.000   0.000   0.000   0.000   0.000   0.000   0.000   0.000   0.000
   0.820    0.000    0.000   0.000   0.000   0.000   0.000   0.000   0.000   0.000   0.000
   0.840    0.000    0.000   0.000   0.000   0.000   0.000   0.000   0.000   0.000   0.000
   0.860    0.000    0.000   0.000   0.000   0.000   0.000   0.000   0.000   0.000   0.000
   0.880    0.000    0.000   0.000   0.000   0.000   0.000   0.000   0.000   0.000   0.000
   0.900    0.000    0.000   0.000   0.000   0.000   0.000   0.000   0.000   0.000   0.000
   0.920    0.000    0.000   0.000   0.000   0.000   0.000   0.000   0.000   0.000   0.000
   0.940    0.000    0.000   0.000   0.000   0.000   0.000   0.000   0.000   0.000   0.000
   0.960    0.000    0.000   0.000   0.000   0.000   0.000   0.000   0.000   0.000   0.000
   0.980    0.000    0.000   0.000   0.000   0.000   0.000   0.000   0.000   0.000   0.000
   1.000    0.000    0.000   0.000   0.000   0.000   0.000   0.000   0.000   0.000   0.000
   1.020    0.000    0.000   0.000   0.000   0.000   0.000   0.000   0.000   0.000   0.000
   1.040    0.000    0.000   0.000   0.000   0.000   0.000   0.000   0.000   0.000   0.000
   1.060    0.000    0.000   0.000   0.000   0.000   0.000   0.000   0.000   0.000   0.000
   1.080    0.000    0.000   0.000   0.000   0.000   0.000   0.000   0.000   0.000   0.000
   1.100    0.000    0.000   0.000   0.000   0.000   0.000   0.000   0.000   0.000   0.000
   1.120    0.000    0.000   0.000   0.000   0.000   0.000   0.000   0.000   0.000   0.000
   1.140    0.000    0.000   0.000   0.000   0.000   0.000   0.000   0.000   0.000   0.000
   1.160    0.000    0.000   0.000   0.000   0.000   0.000   0.000   0.000   0.000   0.000
   1.180    0.000    0.000   0.000   0.000   0.000   0.000   0.000   0.000   0.000   0.000
   1.200    0.000    0.000   0.000   0.000   0.000   0.000   0.000   0.000   0.000   0.000
   1.220    0.000    0.000   0.000   0.000   0.000   0.000   0.000   0.000   0.000   0.000
   1.240    0.000    0.000   0.000   0.000   0.000   0.000   0.000   0.000   0.000   0.000
   1.260    0.000    0.000   0.000   0.000   0.000   0.000   0.000   0.000   0.000   0.000
   1.280    0.000    0.000   0.000   0.000   0.000   0.000   0.000   0.000   0.000   0.000
   1.300    0.000    0.000   0.000   0.000   0.000   0.000   0.000   0.000   0.000   0.000
   1.320    0.000    0.000   0.000   0.000   0.000   0.000   0.000   0.000   0.000   0.000
   1.340    0.000    0.000   0.000   0.000   0.000   0.000   0.000   0.000   0.000   0.000
   1.360    0.000    0.000   0.000   0.000   0.000   0.000   0.000   0.000   0.000   0.000
   1.380    0.000    0.000   0.000   0.000   0.000   0.000   0.000   0.000   0.000   0.000
   1.400    0.000    0.000   0.000   0.000   0.000   0.000   0.000   0.000   0.000   0.000
   1.420    0.000    0.000   0.000   0.000   0.000   0.000   0.000   0.000   0.000   0.000
   1.440    0.000    0.000   0.000   0.000   0.000   0.000   0.000   0.000   0.000   0.000
   1.460    0.000    0.000   0.000   0.000   0.000   0.000   0.000   0.000   0.000   0.000
   1.480    0.000    0.000   0.000   0.000   0.000   0.000   0.000   0.000   0.000   0.000
   1.500    0.000    0.000   0.000   0.000   0.000   0.000   0.000   0.000   0.000   0.000
   1.520    0.000    0.000   0.000   0.000   0.000   0.000   0.000   0.000   0.000   0.000
   1.540    0.000    0.000   0.000   0.000   0.000   0.000   0.000   0.000   0.000   0.000
   1.560    0.000    0.000   0.000   0.000   0.000   0.000   0.000   0.000   0.000   0.000
   1.580    0.000    0.000   0.000   0.000   0.000   0.000   0.000   0.000   0.000   0.000
   1.600    0.000    0.000   0.000   0.000   0.000   0.000   0.000   0.000   0.000   0.000
   1.620    0.000    0.000   0.000   0.000   0.000   0.000   0.000   0.000   0.000   0.000
   1.640    0.003    0.000   0.000   0.000   0.000   0.000   0.000   0.000   0.003   0.000
   1.660    0.003    0.000   0.000   0.000   0.000   0.000   0.000   0.000   0.005   0.000
   1.680    0.013    0.000   0.000   0.000   0.000   0.000   0.000   0.000   0.016   0.000
   1.700    0.029    0.000   0.000   0.000   0.000   0.000   0.000   0.000   0.033   0.000
   1.720    0.052    0.000   0.000   0.000   0.000   0.000   0.000   0.000   0.059   0.000
   1.740    0.100    0.000   0.000   0.000   0.000   0.000   0.000   0.000   0.090   0.000
   1.760    0.145    0.000   0.000   0.000   0.000   0.000   0.000   0.000   0.151   0.000
   1.780    0.272    0.000   0.000   0.000   0.000   0.000   0.000   0.000   0.266   0.000
   1.800    0.360    0.000   0.000   0.000   0.000   0.000   0.000   0.000   0.358   0.000
   1.820    0.502    0.000   0.000   0.000   0.000   0.000   0.000   0.000   0.485   0.000
   1.840    0.642    0.000   0.000   0.000   0.000   0.000   0.000   0.000   0.650   0.000
   1.860    0.729    0.000   0.000   0.000   0.000   0.000   0.000   0.000   0.720   0.000
   1.880    0.804    0.000   0.000   0.000   0.000   0.000   0.000   0.000   0.752   0.000
   1.900    0.880    0.000   0.000   0.000   0.000   0.000   0.000   0.000   0.855   0.000
   1.920    0.886    0.000   0.000   0.000   0.000   0.000   0.000   0.000   0.894   0.000
   1.940    0.871    0.000   0.000   0.000   0.000   0.000   0.000   0.000   0.860   0.000
   1.960    0.845    0.000   0.000   0.000   0.000   0.000   0.000   0.000   0.875   0.000
   1.980    0.833    0.000   0.000   0.000   0.000   0.000   0.000   0.000   0.865   0.000
   2.000    0.773    0.000   0.000   0.000   0.000   0.000   0.000   0.000   0.759   0.000
   2.020    0.765    0.000   0.000   0.000   0.000   0.000   0.000   0.000   0.778   0.000
   2.040    0.752    0.000   0.000   0.000   0.000   0.000   0.000   0.000   0.795   0.000
   2.060    0.696    0.000   0.000   0.000   0.000   0.000   0.000   0.000   0.698   0.000
   2.080    0.644    0.000   0.000   0.000   0.000   0.000   0.000   0.000   0.653   0.000
   2.100    0.588    0.000   0.000   0.000   0.000   0.000   0.000   0.000   0.613   0.000
   2.120    0.541    0.000   0.000   0.000   0.000   0.000   0.000   0.000   0.540   0.000
   2.140    0.492    0.000   0.000   0.000   0.000   0.000   0.000   0.000   0.496   0.000
   2.160    0.413    0.000   0.000   0.000   0.000   0.000   0.000   0.000   0.424   0.000
   2.180    0.363    0.000   0.000   0.000   0.000   0.000   0.000   0.000   0.369   0.000
   2.200    0.313    0.000   0.000   0.000   0.000   0.000   0.000   0.000   0.302   0.000
   2.220    0.258    0.000   0.000   0.000   0.000   0.000   0.000   0.000   0.260   0.000
   2.240    0.196    0.000   0.000   0.000   0.000   0.000   0.000   0.000   0.201   0.000
   2.260    0.151    0.000   0.000   0.000   0.000   0.000   0.000   0.000   0.150   0.000
   2.280    0.123    0.000   0.000   0.000   0.000   0.000   0.000   0.000   0.136   0.000
   2.300    0.085    0.000   0.000   0.000   0.000   0.000   0.000   0.000   0.084   0.000
   2.320    0.063    0.000   0.000   0.000   0.000   0.000   0.000   0.001   0.062   0.000
   2.340    0.048    0.000   0.000   0.000   0.000   0.000   0.000   0.000   0.041   0.000
   2.360    0.034    0.000   0.000   0.000   0.000   0.000   0.000   0.000   0.029   0.000
   2.380    0.026    0.000   0.000   0.000   0.000   0.000   0.000   0.001   0.029   0.001
   2.400    0.018    0.000   0.000   0.000   0.000   0.000   0.000   0.002   0.020   0.001
   2.420    0.014    0.000   0.000   0.000   0.000   0.000   0.000   0.003   0.008   0.004
   2.440    0.018    0.000   0.000   0.000   0.000   0.000   0.000   0.009   0.007   0.004
   2.460    0.027    0.000   0.000   0.000   0.000   0.000   0.000   0.015   0.007   0.009
   2.480    0.037    0.000   0.000   0.000   0.000   0.000   0.000   0.019   0.003   0.013
   2.500    0.072    0.000   0.000   0.000   0.000   0.000   0.000   0.040   0.002   0.035
   2.520    0.099    0.000   0.000   0.000   0.000   0.000   0.000   0.055   0.001   0.040
   2.540    0.160    0.000   0.000   0.000   0.000   0.000   0.000   0.073   0.001   0.083
   2.560    0.237    0.000   0.000   0.000   0.000   0.000   0.000   0.130   0.000   0.102
   2.580    0.368    0.000   0.000   0.000   0.000   0.000   0.000   0.195   0.000   0.189
   2.600    0.521    0.000   0.000   0.000   0.000   0.000   0.000   0.299   0.000   0.247
   2.620    0.702    0.000   0.000   0.000   0.000   0.000   0.000   0.349   0.000   0.327
   2.640    0.900    0.000   0.000   0.000   0.000   0.000   0.000   0.458   0.000   0.428
   2.660    1.159    0.000   0.000   0.000   0.000   0.000   0.000   0.611   0.000   0.546
   2.680    1.482    0.000   0.000   0.000   0.000   0.000   0.000   0.741   0.000   0.739
   2.700    1.776    0.000   0.000   0.000   0.000   0.000   0.000   0.896   0.000   0.890
   2.720    2.071    0.000   0.000   0.000   0.000   0.000   0.000   1.048   0.000   1.052
   2.740    2.364    0.000   0.000   0.000   0.000   0.000   0.000   1.161   0.000   1.212
   2.760    2.595    0.000   0.000   0.000   0.000   0.000   0.000   1.266   0.000   1.297
   2.780    2.798    0.000   0.000   0.000   0.000   0.000   0.000   1.394   0.000   1.445
   2.800    2.921    0.000   0.000   0.000   0.000   0.000   0.000   1.427   0.000   1.508
   2.820    2.971    0.000   0.000   0.000   0.000   0.000   0.000   1.455   0.000   1.471
   2.840    2.930    0.000   0.000   0.000   0.000   0.000   0.000   1.474   0.000   1.486
   2.860    2.837    0.000   0.000   0.000   0.000   0.000   0.000   1.441   0.000   1.422
   2.880    2.676    0.000   0.000   0.000   0.000   0.000   0.000   1.339   0.000   1.340
   2.900    2.420    0.000   0.000   0.000   0.000   0.000   0.000   1.167   0.000   1.219
   2.920    2.193    0.000   0.000   0.000   0.000   0.000   0.000   1.089   0.000   1.121
   2.940    1.934    0.000   0.000   0.000   0.000   0.000   0.000   0.940   0.000   0.992
   2.960    1.638    0.000   0.000   0.000   0.000   0.000   0.000   0.807   0.000   0.834
   2.980    1.378    0.000   0.000   0.000   0.000   0.000   0.000   0.659   0.000   0.673
   3.000    1.120    0.000   0.000   0.000   0.000   0.000   0.000   0.552   0.000   0.532
   3.020    0.899    0.000   0.000   0.000   0.000   0.000   0.000   0.436   0.000   0.470
   3.040    0.713    0.000   0.000   0.000   0.000   0.000   0.000   0.355   0.000   0.354
   3.060    0.529    0.000   0.000   0.000   0.000   0.000   0.000   0.261   0.000   0.265
   3.080    0.413    0.000   0.000   0.000   0.000   0.000   0.000   0.219   0.000   0.201
   3.100    0.294    0.000   0.000   0.000   0.000   0.000   0.000   0.151   0.000   0.138
   3.120    0.215    0.000   0.000   0.000   0.000   0.000   0.001   0.109   0.000   0.110
   3.140    0.154    0.000   0.000   0.000   0.000   0.000   0.003   0.075   0.000   0.076
   3.160    0.107    0.000   0.000   0.000   0.000   0.000   0.005   0.056   0.000   0.048
   3.180    0.080    0.000   0.000   0.000   0.000   0.000   0.011   0.035   0.000   0.031
   3.200    0.065    0.000   0.000   0.000   0.000   0.000   0.019   0.026   0.000   0.028
   3.220    0.064    0.000   0.000   0.000   0.000   0.000   0.033   0.015   0.000   0.016
   3.240    0.078    0.000   0.000   0.000   0.000   0.000   0.058   0.007   0.000   0.009
   3.260    0.116    0.000   0.000   0.000   0.000   0.000   0.103   0.006   0.000   0.006
   3.280    0.161    0.000   0.000   0.000   0.000   0.000   0.155   0.003   0.000   0.004
   3.300    0.238    0.000   0.000   0.000   0.000   0.000   0.234   0.003   0.000   0.002
   3.320    0.320    0.000   0.000   0.000   0.000   0.000   0.318   0.002   0.000   0.001
   3.340    0.435    0.000   0.000   0.000   0.000   0.000   0.433   0.000   0.000   0.000
   3.360    0.544    0.000   0.000   0.000   0.000   0.000   0.543   0.000   0.000   0.000
   3.380    0.646    0.000   0.000   0.000   0.000   0.000   0.645   0.001   0.000   0.000
   3.400    0.774    0.000   0.000   0.000   0.000   0.000   0.773   0.000   0.000   0.000
   3.420    0.847    0.000   0.000   0.000   0.000   0.000   0.846   0.001   0.000   0.000
   3.440    0.911    0.000   0.000   0.000   0.000   0.000   0.911   0.000   0.000   0.000
   3.460    0.939    0.000   0.000   0.000   0.000   0.000   0.938   0.000   0.000   0.000
   3.480    0.913    0.000   0.000   0.000   0.000   0.000   0.912   0.000   0.000   0.000
   3.500    0.875    0.000   0.000   0.000   0.000   0.000   0.874   0.000   0.000   0.000
   3.520    0.815    0.000   0.000   0.002   0.000   0.000   0.813   0.000   0.000   0.000
   3.540    0.704    0.000   0.000   0.001   0.001   0.000   0.702   0.000   0.000   0.000
   3.560    0.602    0.000   0.000   0.002   0.001   0.001   0.597   0.000   0.000   0.000
   3.580    0.519    0.000   0.000   0.002   0.002   0.003   0.510   0.000   0.000   0.000
   3.600    0.421    0.000   0.000   0.003   0.003   0.004   0.411   0.000   0.000   0.000
   3.620    0.327    0.001   0.000   0.006   0.005   0.005   0.310   0.000   0.000   0.000
   3.640    0.250    0.001   0.000   0.007   0.007   0.007   0.228   0.000   0.000   0.000
   3.660    0.205    0.002   0.000   0.008   0.012   0.008   0.175   0.000   0.000   0.000
   3.680    0.154    0.005   0.000   0.013   0.011   0.013   0.112   0.000   0.000   0.000
   3.700    0.142    0.007   0.002   0.017   0.016   0.019   0.081   0.000   0.000   0.000
   3.720    0.131    0.011   0.003   0.023   0.021   0.023   0.050   0.000   0.000   0.000
   3.740    0.142    0.017   0.005   0.026   0.030   0.030   0.035   0.000   0.000   0.000
   3.760    0.170    0.027   0.008   0.039   0.037   0.039   0.021   0.000   0.000   0.000
   3.780    0.210    0.041   0.016   0.050   0.046   0.045   0.013   0.000   0.000   0.000
   3.800    0.266    0.050   0.026   0.062   0.061   0.058   0.008   0.000   0.000   0.000
   3.820    0.351    0.075   0.045   0.077   0.072   0.078   0.004   0.000   0.000   0.000
   3.840    0.462    0.101   0.068   0.098   0.096   0.097   0.002   0.000   0.000   0.000
   3.860    0.555    0.117   0.095   0.113   0.116   0.113   0.001   0.000   0.000   0.000
   3.880    0.699    0.148   0.130   0.140   0.139   0.141   0.000   0.000   0.000   0.000
   3.900    0.845    0.177   0.169   0.170   0.164   0.163   0.000   0.000   0.000   0.000
   3.920    0.980    0.193   0.212   0.191   0.192   0.191   0.000   0.000   0.000   0.000
   3.940    1.124    0.222   0.254   0.210   0.216   0.220   0.000   0.000   0.000   0.000
   3.960    1.230    0.255   0.289   0.227   0.228   0.230   0.000   0.000   0.000   0.000
   3.980    1.306    0.251   0.310   0.244   0.248   0.253   0.000   0.000   0.000   0.000
   4.000    1.323    0.262   0.328   0.241   0.247   0.243   0.000   0.000   0.002   0.000
   4.020    1.317    0.256   0.328   0.245   0.245   0.240   0.000   0.000   0.003   0.000
   4.040    1.252    0.248   0.300   0.232   0.233   0.235   0.000   0.000   0.005   0.000
   4.060    1.170    0.231   0.274   0.219   0.221   0.217   0.000   0.000   0.010   0.000
   4.080    1.064    0.220   0.238   0.207   0.193   0.192   0.000   0.000   0.014   0.000
   4.100    0.947    0.189   0.197   0.176   0.181   0.181   0.000   0.000   0.023   0.000
   4.120    0.793    0.158   0.152   0.147   0.152   0.150   0.000   0.000   0.036   0.000
   4.140    0.684    0.136   0.117   0.126   0.128   0.125   0.000   0.000   0.050   0.000
   4.160    0.590    0.111   0.080   0.104   0.106   0.108   0.000   0.000   0.087   0.000
   4.180    0.520    0.083   0.063   0.085   0.087   0.085   0.000   0.000   0.115   0.000
   4.200    0.483    0.066   0.042   0.071   0.070   0.070   0.000   0.000   0.167   0.000
   4.220    0.466    0.049   0.029   0.057   0.056   0.056   0.000   0.000   0.211   0.000
   4.240    0.474    0.034   0.014   0.043   0.043   0.042   0.000   0.000   0.306   0.000
   4.260    0.523    0.024   0.010   0.036   0.034   0.035   0.000   0.000   0.379   0.000
   4.280    0.586    0.017   0.005   0.026   0.025   0.028   0.000   0.000   0.499   0.000
   4.300    0.681    0.011   0.004   0.019   0.020   0.020   0.000   0.000   0.605   0.000
   4.320    0.793    0.008   0.002   0.015   0.015   0.015   0.000   0.000   0.744   0.000
   4.340    0.916    0.005   0.001   0.012   0.011   0.011   0.000   0.000   0.859   0.000
   4.360    1.010    0.003   0.000   0.008   0.010   0.008   0.000   0.000   0.975   0.000
   4.380    1.142    0.002   0.000   0.006   0.005   0.006   0.000   0.000   1.110   0.001
   4.400    1.258    0.001   0.000   0.004   0.004   0.004   0.000   0.000   1.250   0.002
   4.420    1.349    0.001   0.000   0.002   0.003   0.003   0.000   0.001   1.335   0.003
   4.440    1.434    0.000   0.000   0.002   0.002   0.002   0.000   0.000   1.424   0.006
   4.460    1.472    0.000   0.000   0.001   0.001   0.001   0.000   0.001   1.445   0.008
   4.480    1.507    0.000   0.000   0.001   0.001   0.001   0.000   0.003   1.467   0.013
   4.500    1.464    0.000   0.000   0.000   0.001   0.001   0.000   0.005   1.436   0.018
   4.520    1.420    0.000   0.000   0.001   0.000   0.001   0.000   0.007   1.412   0.024
   4.540    1.364    0.000   0.000   0.000   0.000   0.000   0.000   0.017   1.299   0.042
   4.560    1.294    0.000   0.000   0.000   0.000   0.000   0.000   0.028   1.210   0.064
   4.580    1.208    0.000   0.000   0.000   0.000   0.000   0.000   0.031   1.101   0.079
   4.600    1.145    0.000   0.000   0.000   0.000   0.000   0.000   0.061   0.971   0.104
   4.620    1.072    0.000   0.000   0.000   0.000   0.000   0.000   0.090   0.835   0.139
   4.640    1.021    0.000   0.000   0.000   0.000   0.000   0.000   0.127   0.681   0.197
   4.660    1.021    0.000   0.000   0.000   0.000   0.000   0.000   0.191   0.591   0.263
   4.680    1.030    0.000   0.000   0.000   0.000   0.000   0.000   0.259   0.452   0.320
   4.700    1.105    0.000   0.000   0.000   0.000   0.000   0.000   0.342   0.361   0.404
   4.720    1.198    0.000   0.000   0.000   0.000   0.000   0.000   0.442   0.281   0.478
   4.740    1.352    0.000   0.000   0.000   0.000   0.000   0.000   0.555   0.213   0.582
   4.760    1.512    0.000   0.000   0.000   0.000   0.000   0.000   0.681   0.154   0.680
   4.780    1.678    0.000   0.000   0.000   0.000   0.000   0.000   0.788   0.117   0.758
   4.800    1.851    0.000   0.000   0.000   0.000   0.000   0.000   0.913   0.084   0.855
   4.820    2.053    0.000   0.000   0.000   0.000   0.000   0.000   1.041   0.058   0.945
   4.840    2.183    0.000   0.000   0.000   0.000   0.000   0.000   1.128   0.035   1.012
   4.860    2.336    0.000   0.000   0.000   0.000   0.000   0.000   1.220   0.029   1.083
   4.880    2.397    0.000   0.000   0.000   0.000   0.000   0.000   1.259   0.015   1.120
   4.900    2.451    0.000   0.000   0.000   0.000   0.000   0.000   1.280   0.010   1.138
   4.920    2.430    0.000   0.000   0.000   0.000   0.000   0.000   1.301   0.006   1.153
   4.940    2.363    0.000   0.000   0.000   0.000   0.000   0.000   1.229   0.005   1.120
   4.960    2.242    0.000   0.000   0.000   0.000   0.000   0.000   1.149   0.002   1.067
   4.980    2.067    0.000   0.000   0.000   0.000   0.000   0.000   1.089   0.002   1.012
   5.000    1.887    0.000   0.000   0.000   0.000   0.000   0.000   0.975   0.001   0.928
   5.020    1.666    0.000   0.000   0.000   0.000   0.000   0.000   0.839   0.000   0.814
   5.040    1.460    0.000   0.000   0.000   0.000   0.000   0.000   0.734   0.000   0.733
   5.060    1.237    0.000   0.000   0.000   0.000   0.000   0.000   0.600   0.000   0.622
   5.080    1.038    0.000   0.000   0.000   0.000   0.000   0.000   0.501   0.000   0.546
   5.100    0.852    0.000   0.000   0.000   0.000   0.000   0.000   0.401   0.000   0.454
   5.120    0.686    0.000   0.000   0.000   0.000   0.000   0.000   0.314   0.000   0.368
   5.140    0.531    0.000   0.000   0.000   0.000   0.000   0.000   0.244   0.000   0.285
   5.160    0.415    0.000   0.000   0.000   0.000   0.000   0.000   0.183   0.000   0.231
   5.180    0.316    0.000   0.000   0.001   0.000   0.000   0.000   0.133   0.000   0.177
   5.200    0.237    0.000   0.000   0.001   0.001   0.000   0.000   0.092   0.000   0.139
   5.220    0.172    0.000   0.000   0.001   0.001   0.001   0.000   0.063   0.000   0.101
   5.240    0.128    0.000   0.000   0.002   0.001   0.002   0.000   0.045   0.000   0.079
   5.260    0.092    0.000   0.000   0.003   0.003   0.003   0.000   0.029   0.000   0.053
   5.280    0.071    0.001   0.001   0.004   0.004   0.004   0.000   0.019   0.000   0.035
   5.300    0.062    0.002   0.001   0.005   0.006   0.007   0.000   0.013   0.000   0.026
   5.320    0.058    0.004   0.003   0.009   0.008   0.009   0.000   0.009   0.000   0.016
   5.340    0.065    0.006   0.004   0.014   0.013   0.013   0.000   0.005   0.000   0.011
   5.360    0.084    0.008   0.007   0.019   0.019   0.020   0.000   0.003   0.000   0.010
   5.380    0.107    0.014   0.012   0.026   0.026   0.024   0.000   0.001   0.000   0.003
   5.400    0.145    0.021   0.018   0.033   0.036   0.032   0.000   0.001   0.000   0.004
   5.420    0.190    0.029   0.025   0.043   0.045   0.044   0.000   0.000   0.000   0.002
   5.440    0.256    0.042   0.039   0.056   0.059   0.058   0.000   0.000   0.000   0.001
   5.460    0.325    0.053   0.052   0.072   0.075   0.072   0.000   0.000   0.000   0.000
   5.480    0.417    0.074   0.071   0.093   0.089   0.090   0.000   0.000   0.000   0.000
   5.500    0.512    0.095   0.094   0.107   0.108   0.107   0.000   0.000   0.000   0.000
   5.520    0.622    0.119   0.118   0.131   0.126   0.127   0.000   0.000   0.001   0.000
   5.540    0.728    0.147   0.145   0.143   0.147   0.145   0.000   0.000   0.001   0.000
   5.560    0.832    0.167   0.170   0.165   0.163   0.166   0.000   0.000   0.001   0.000
   5.580    0.946    0.196   0.196   0.178   0.187   0.186   0.000   0.000   0.004   0.000
   5.600    1.035    0.220   0.221   0.196   0.197   0.196   0.000   0.000   0.004   0.000
   5.620    1.118    0.242   0.246   0.207   0.208   0.205   0.000   0.000   0.010   0.000
   5.640    1.166    0.254   0.254   0.217   0.210   0.215   0.000   0.000   0.016   0.000
   5.660    1.212    0.257   0.267   0.226   0.220   0.218   0.000   0.000   0.024   0.000
   5.680    1.218    0.254   0.264   0.220   0.223   0.217   0.000   0.000   0.041   0.000
   5.700    1.204    0.245   0.256   0.214   0.215   0.213   0.000   0.000   0.059   0.000
   5.720    1.159    0.231   0.232   0.207   0.199   0.205   0.000   0.000   0.081   0.000
   5.740    1.132    0.216   0.214   0.194   0.189   0.191   0.000   0.000   0.127   0.000
   5.760    1.068    0.189   0.188   0.173   0.177   0.172   0.000   0.000   0.171   0.000
   5.780    1.027    0.160   0.168   0.154   0.155   0.160   0.000   0.000   0.238   0.000
   5.800    0.986    0.136   0.139   0.135   0.140   0.140   0.000   0.000   0.296   0.000
   5.820    0.964    0.113   0.114   0.120   0.122   0.120   0.000   0.001   0.372   0.000
   5.840    0.949    0.091   0.089   0.102   0.100   0.101   0.000   0.001   0.456   0.001
   5.860    0.948    0.068   0.068   0.083   0.084   0.085   0.000   0.002   0.560   0.001
   5.880    0.960    0.051   0.051   0.068   0.066   0.065   0.000   0.002   0.656   0.003
   5.900    0.981    0.039   0.034   0.054   0.053   0.055   0.000   0.005   0.741   0.004
   5.920    1.022    0.028   0.025   0.040   0.040   0.043   0.000   0.009   0.824   0.007
   5.940    1.050    0.019   0.015   0.032   0.032   0.033   0.000   0.009   0.909   0.009
   5.960    1.090    0.013   0.011   0.024   0.023   0.024   0.000   0.015   0.960   0.014
   5.980    1.105    0.010   0.007   0.018   0.018   0.018   0.000   0.023   0.990   0.024
   6.000    1.124    0.005   0.004   0.013   0.012   0.013   0.000   0.031   1.014   0.032
   6.020    1.124    0.004   0.003   0.010   0.009   0.009   0.000   0.050   0.995   0.043
   6.040    1.124    0.002   0.001   0.006   0.006   0.006   0.000   0.072   0.965   0.064
   6.060    1.127    0.001   0.001   0.004   0.005   0.005   0.000   0.092   0.930   0.093
   6.080    1.126    0.001   0.001   0.003   0.003   0.003   0.000   0.117   0.864   0.120
   6.100    1.119    0.000   0.000   0.002   0.002   0.002   0.000   0.165   0.796   0.160
   6.120    1.113    0.000   0.000   0.001   0.001   0.001   0.000   0.206   0.700   0.204
   6.140    1.148    0.000   0.000   0.001   0.001   0.001   0.000   0.260   0.631   0.254
   6.160    1.164    0.000   0.000   0.000   0.000   0.000   0.000   0.316   0.543   0.309
   6.180    1.206    0.000   0.000   0.000   0.000   0.000   0.000   0.380   0.449   0.380
   6.200    1.255    0.000   0.000   0.000   0.000   0.000   0.001   0.441   0.367   0.448
   6.220    1.298    0.000   0.000   0.000   0.000   0.000   0.001   0.496   0.303   0.500
   6.240    1.366    0.000   0.000   0.000   0.000   0.000   0.002   0.562   0.238   0.557
   6.260    1.417    0.000   0.000   0.000   0.000   0.000   0.004   0.607   0.178   0.614
   6.280    1.453    0.000   0.000   0.000   0.000   0.000   0.006   0.642   0.137   0.668
   6.300    1.506    0.000   0.000   0.000   0.000   0.000   0.010   0.692   0.104   0.698
   6.320    1.518    0.000   0.000   0.000   0.000   0.000   0.016   0.693   0.075   0.712
   6.340    1.499    0.000   0.000   0.000   0.000   0.000   0.025   0.699   0.053   0.712
   6.360    1.490    0.000   0.000   0.000   0.000   0.000   0.041   0.714   0.035   0.708
   6.380    1.429    0.000   0.000   0.000   0.000   0.000   0.058   0.674   0.025   0.682
   6.400    1.383    0.000   0.000   0.000   0.000   0.000   0.086   0.642   0.017   0.656
   6.420    1.304    0.000   0.000   0.000   0.000   0.000   0.118   0.587   0.009   0.581
   6.440    1.241    0.000   0.000   0.000   0.000   0.000   0.168   0.540   0.006   0.526
   6.460    1.160    0.000   0.000   0.000   0.000   0.000   0.217   0.482   0.004   0.469
   6.480    1.107    0.000   0.000   0.000   0.000   0.000   0.286   0.403   0.003   0.413
   6.500    1.048    0.000   0.000   0.001   0.001   0.001   0.353   0.348   0.002   0.338
   6.520    1.014    0.000   0.000   0.001   0.001   0.001   0.429   0.290   0.001   0.292
   6.540    0.988    0.000   0.000   0.002   0.002   0.002   0.507   0.239   0.001   0.234
   6.560    0.966    0.001   0.000   0.002   0.002   0.003   0.582   0.180   0.000   0.193
   6.580    0.946    0.001   0.001   0.004   0.003   0.004   0.642   0.147   0.000   0.141
   6.600    0.935    0.002   0.001   0.005   0.006   0.005   0.692   0.110   0.000   0.112
   6.620    0.923    0.003   0.002   0.008   0.007   0.008   0.727   0.087   0.000   0.084
   6.640    0.903    0.004   0.003   0.010   0.010   0.010   0.739   0.064   0.000   0.065
   6.660    0.877    0.006   0.005   0.013   0.013   0.012   0.739   0.047   0.000   0.045
   6.680    0.854    0.009   0.008   0.017   0.017   0.017   0.722   0.031   0.000   0.031
   6.700    0.801    0.013   0.012   0.022   0.022   0.022   0.666   0.023   0.000   0.021
   6.720    0.761    0.019   0.019   0.028   0.028   0.029   0.609   0.015   0.000   0.017
   6.740    0.721    0.026   0.025   0.036   0.034   0.035   0.545   0.010   0.000   0.012
   6.760    0.680    0.036   0.035   0.043   0.043   0.042   0.469   0.005   0.001   0.006
   6.780    0.642    0.044   0.045   0.051   0.050   0.051   0.393   0.004   0.001   0.004
   6.800    0.613    0.055   0.057   0.058   0.058   0.059   0.318   0.003   0.002   0.003
   6.820    0.602    0.068   0.070   0.066   0.066   0.066   0.260   0.002   0.003   0.002
   6.840    0.592    0.081   0.080   0.075   0.075   0.073   0.201   0.001   0.006   0.001
   6.860    0.592    0.091   0.093   0.085   0.079   0.082   0.153   0.000   0.009   0.000
   6.880    0.596    0.101   0.104   0.089   0.090   0.087   0.112   0.001   0.014   0.001
   6.900    0.596    0.109   0.110   0.090   0.091   0.092   0.080   0.000   0.022   0.000
   6.920    0.599    0.113   0.113   0.093   0.094   0.095   0.057   0.000   0.032   0.000
   6.940    0.609    0.116   0.117   0.095   0.096   0.099   0.038   0.000   0.048   0.001
   6.960    0.607    0.112   0.114   0.096   0.095   0.094   0.025   0.000   0.070   0.001
   6.980    0.605    0.108   0.109   0.092   0.093   0.090   0.017   0.000   0.101   0.001
   7.000    0.610    0.103   0.106   0.088   0.087   0.088   0.009   0.001   0.130   0.002
   7.020    0.603    0.093   0.092   0.079   0.083   0.082   0.006   0.001   0.166   0.003
   7.040    0.616    0.082   0.083   0.074   0.078   0.077   0.004   0.002   0.209   0.006
   7.060    0.618    0.068   0.070   0.067   0.068   0.067   0.002   0.004   0.263   0.007
   7.080    0.631    0.058   0.059   0.060   0.059   0.061   0.001   0.007   0.313   0.011
   7.100    0.641    0.046   0.044   0.053   0.051   0.051   0.001   0.012   0.363   0.017
   7.120    0.667    0.035   0.035   0.043   0.044   0.042   0.000   0.021   0.426   0.027
   7.140    0.701    0.030   0.027   0.035   0.035   0.037   0.000   0.031   0.470   0.039
   7.160    0.740    0.021   0.019   0.028   0.029   0.030   0.000   0.039   0.518   0.055
   7.180    0.786    0.016   0.014   0.023   0.024   0.023   0.000   0.058   0.547   0.080
   7.200    0.838    0.010   0.010   0.018   0.017   0.019   0.000   0.085   0.570   0.108
   7.220    0.898    0.007   0.006   0.014   0.013   0.014   0.000   0.119   0.580   0.141
   7.240    0.967    0.005   0.005   0.011   0.011   0.010   0.000   0.152   0.587   0.183
   7.260    1.034    0.003   0.003   0.007   0.008   0.008   0.000   0.211   0.556   0.238
   7.280    1.124    0.002   0.002   0.006   0.005   0.005   0.000   0.284   0.532   0.301
   7.300    1.221    0.001   0.001   0.004   0.004   0.004   0.000   0.347   0.502   0.377
   7.320    1.324    0.001   0.000   0.003   0.003   0.003   0.000   0.420   0.427   0.443
   7.340    1.456    0.000   0.000   0.002   0.002   0.002   0.000   0.527   0.391   0.546
   7.360    1.571    0.000   0.000   0.001   0.001   0.001   0.000   0.607   0.343   0.606
   7.380    1.688    0.000   0.000   0.001   0.001   0.001   0.000   0.700   0.283   0.705
   7.400    1.815    0.000   0.000   0.001   0.000   0.000   0.000   0.787   0.233   0.782
   7.420    1.920    0.000   0.000   0.000   0.000   0.000   0.000   0.890   0.188   0.847
   7.440    2.017    0.000   0.000   0.000   0.000   0.000   0.000   0.955   0.148   0.908
   7.460    2.069    0.000   0.000   0.000   0.000   0.000   0.000   1.006   0.116   0.954
   7.480    2.103    0.000   0.000   0.000   0.000   0.000   0.000   1.036   0.087   0.973
   7.500    2.087    0.000   0.000   0.000   0.000   0.000   0.000   1.045   0.063   0.980
   7.520    2.046    0.000   0.000   0.000   0.000   0.000   0.000   1.027   0.043   0.962
   7.540    1.960    0.000   0.000   0.000   0.000   0.000   0.000   0.984   0.031   0.933
   7.560    1.850    0.000   0.000   0.000   0.000   0.000   0.000   0.945   0.021   0.899
   7.580    1.720    0.000   0.000   0.000   0.001   0.000   0.000   0.882   0.015   0.844
   7.600    1.550    0.000   0.000   0.001   0.001   0.001   0.000   0.781   0.008   0.747
   7.620    1.383    0.000   0.000   0.001   0.001   0.001   0.000   0.694   0.006   0.684
   7.640    1.197    0.001   0.000   0.002   0.001   0.001   0.000   0.587   0.004   0.592
   7.660    1.025    0.001   0.000   0.002   0.002   0.002   0.000   0.505   0.001   0.508
   7.680    0.867    0.002   0.001   0.003   0.003   0.003   0.000   0.414   0.002   0.433
   7.700    0.706    0.003   0.001   0.004   0.004   0.004   0.000   0.332   0.001   0.359
   7.720    0.580    0.004   0.002   0.005   0.005   0.005   0.000   0.263   0.000   0.298
   7.740    0.462    0.005   0.003   0.007   0.007   0.007   0.000   0.205   0.000   0.229
   7.760    0.376    0.008   0.005   0.009   0.009   0.009   0.000   0.155   0.000   0.179
   7.780    0.309    0.010   0.007   0.011   0.012   0.012   0.000   0.115   0.001   0.145
   7.800    0.255    0.014   0.010   0.015   0.014   0.015   0.000   0.083   0.002   0.105
   7.820    0.227    0.019   0.014   0.019   0.019   0.019   0.000   0.060   0.003   0.076
   7.840    0.213    0.022   0.018   0.023   0.024   0.023   0.000   0.044   0.006   0.058
   7.860    0.215    0.028   0.026   0.028   0.028   0.029   0.000   0.029   0.009   0.040
   7.880    0.226    0.034   0.030   0.034   0.034   0.035   0.000   0.017   0.013   0.028
   7.900    0.245    0.040   0.038   0.039   0.038   0.038   0.000   0.012   0.021   0.019
   7.920    0.275    0.045   0.044   0.045   0.045   0.044   0.000   0.007   0.030   0.012
   7.940    0.305    0.050   0.054   0.046   0.048   0.048   0.000   0.005   0.044   0.006
   7.960    0.345    0.056   0.061   0.052   0.052   0.051   0.000   0.003   0.064   0.005
   7.980    0.386    0.058   0.065   0.056   0.056   0.054   0.000   0.002   0.091   0.004
   8.000    0.425    0.059   0.066   0.058   0.056   0.056   0.000   0.002   0.124   0.003
   8.020    0.470    0.061   0.070   0.058   0.057   0.056   0.000   0.002   0.165   0.004
   8.040    0.517    0.060   0.068   0.056   0.057   0.056   0.000   0.002   0.216   0.005
   8.060    0.570    0.057   0.065   0.054   0.055   0.054   0.000   0.003   0.282   0.006
   8.080    0.611    0.053   0.060   0.048   0.048   0.050   0.000   0.003   0.334   0.009
   8.100    0.670    0.049   0.054   0.045   0.045   0.046   0.000   0.006   0.413   0.013
   8.120    0.729    0.043   0.046   0.041   0.040   0.041   0.000   0.009   0.491   0.018
   8.140    0.784    0.037   0.039   0.036   0.036   0.035   0.000   0.014   0.559   0.026
   8.160    0.853    0.033   0.030   0.030   0.031   0.031   0.000   0.019   0.646   0.034
   8.180    0.917    0.026   0.024   0.026   0.027   0.027   0.000   0.029   0.707   0.045
   8.200    0.979    0.020   0.017   0.021   0.023   0.022   0.000   0.045   0.769   0.065
   8.220    1.042    0.017   0.013   0.017   0.017   0.018   0.000   0.062   0.818   0.085
   8.240    1.098    0.012   0.008   0.014   0.014   0.015   0.000   0.083   0.846   0.109
   8.260    1.162    0.010   0.006   0.011   0.011   0.011   0.000   0.111   0.852   0.142
   8.280    1.210    0.007   0.004   0.009   0.009   0.009   0.000   0.147   0.855   0.173
   8.300    1.255    0.005   0.003   0.006   0.007   0.007   0.001   0.188   0.824   0.212
   8.320    1.289    0.003   0.001   0.005   0.005   0.005   0.001   0.232   0.781   0.253
   8.340    1.330    0.002   0.001   0.004   0.004   0.003   0.002   0.294   0.718   0.298
   8.360    1.362    0.002   0.001   0.003   0.003   0.003   0.003   0.348   0.643   0.355
   8.380    1.393    0.001   0.000   0.002   0.002   0.002   0.005   0.404   0.572   0.395
   8.400    1.414    0.001   0.000   0.001   0.002   0.001   0.009   0.460   0.502   0.435
   8.420    1.428    0.000   0.000   0.001   0.001   0.001   0.013   0.501   0.437   0.482
   8.440    1.455    0.000   0.000   0.001   0.001   0.001   0.020   0.558   0.361   0.510
   8.460    1.455    0.000   0.000   0.001   0.001   0.001   0.031   0.593   0.298   0.535
   8.480    1.446    0.000   0.000   0.001   0.001   0.001   0.044   0.612   0.235   0.553
   8.500    1.417    0.000   0.000   0.001   0.001   0.001   0.063   0.617   0.182   0.560
   8.520    1.395    0.000   0.000   0.002   0.001   0.002   0.085   0.613   0.141   0.546
   8.540    1.355    0.001   0.000   0.002   0.002   0.002   0.116   0.589   0.106   0.539
   8.560    1.313    0.001   0.001   0.003   0.003   0.003   0.150   0.556   0.076   0.522
   8.580    1.267    0.002   0.001   0.005   0.005   0.005   0.186   0.516   0.056   0.487
   8.600    1.209    0.003   0.002   0.007   0.007   0.007   0.230   0.463   0.039   0.448
   8.620    1.146    0.004   0.004   0.010   0.010   0.010   0.270   0.409   0.027   0.398
   8.640    1.089    0.007   0.005   0.013   0.013   0.013   0.310   0.357   0.018   0.359
   8.660    1.045    0.009   0.009   0.019   0.018   0.017   0.344   0.300   0.011   0.317
   8.680    1.006    0.014   0.013   0.024   0.023   0.022   0.385   0.253   0.009   0.264
   8.700    0.972    0.021   0.019   0.031   0.033   0.031   0.408   0.205   0.005   0.221
   8.720    0.946    0.030   0.027   0.041   0.041   0.038   0.418   0.162   0.004   0.186
   8.740    0.928    0.040   0.038   0.051   0.050   0.052   0.422   0.123   0.006   0.146
   8.760    0.915    0.051   0.050   0.062   0.062   0.061   0.410   0.095   0.006   0.123
   8.780    0.923    0.065   0.065   0.076   0.076   0.076   0.395   0.072   0.008   0.092
   8.800    0.940    0.082   0.084   0.089   0.090   0.088   0.368   0.051   0.012   0.071
   8.820    0.955    0.101   0.101   0.103   0.105   0.103   0.336   0.038   0.017   0.050
   8.840    0.976    0.119   0.121   0.117   0.115   0.119   0.294   0.023   0.027   0.040
   8.860    1.019    0.139   0.140   0.132   0.134   0.133   0.254   0.019   0.040   0.030
   8.880    1.054    0.158   0.161   0.145   0.145   0.146   0.213   0.012   0.057   0.019
   8.900    1.089    0.174   0.176   0.155   0.157   0.155   0.172   0.007   0.077   0.016
   8.920    1.123    0.184   0.190   0.165   0.165   0.166   0.135   0.005   0.107   0.011
   8.940    1.150    0.194   0.195   0.169   0.172   0.168   0.104   0.005   0.133   0.008
   8.960    1.180    0.196   0.202   0.173   0.172   0.173   0.079   0.003   0.177   0.007
   8.980    1.194    0.196   0.196   0.169   0.171   0.170   0.057   0.004   0.226   0.006
   9.000    1.209    0.190   0.193   0.166   0.165   0.167   0.040   0.005   0.279   0.008
   9.020    1.207    0.177   0.182   0.156   0.157   0.158   0.028   0.006   0.336   0.011
   9.040    1.206    0.163   0.164   0.149   0.148   0.150   0.019   0.009   0.396   0.012
   9.060    1.202    0.148   0.149   0.137   0.135   0.135   0.012   0.014   0.457   0.017
   9.080    1.176    0.129   0.123   0.123   0.121   0.120   0.007   0.021   0.510   0.025
   9.100    1.166    0.107   0.109   0.106   0.104   0.107   0.005   0.027   0.560   0.032
   9.120    1.152    0.089   0.088   0.094   0.093   0.095   0.003   0.037   0.600   0.045
   9.140    1.132    0.072   0.069   0.079   0.080   0.079   0.002   0.050   0.654   0.059
   9.160    1.121    0.056   0.055   0.066   0.067   0.065   0.001   0.068   0.664   0.074
   9.180    1.105    0.043   0.041   0.054   0.054   0.054   0.000   0.086   0.677   0.091
   9.200    1.088    0.032   0.031   0.043   0.043   0.044   0.000   0.110   0.680   0.114
   9.220    1.081    0.023   0.023   0.034   0.034   0.034   0.000   0.136   0.660   0.138
   9.240    1.065    0.017   0.015   0.026   0.027   0.028   0.000   0.162   0.621   0.168
   9.260    1.053    0.012   0.011   0.020   0.021   0.020   0.000   0.189   0.585   0.189
   9.280    1.034    0.008   0.007   0.015   0.015   0.015   0.000   0.220   0.529   0.220
   9.300    1.016    0.005   0.005   0.012   0.011   0.012   0.000   0.246   0.473   0.248
   9.320    0.998    0.003   0.002   0.009   0.008   0.008   0.000   0.274   0.420   0.272
   9.340    0.966    0.002   0.002   0.006   0.006   0.006   0.000   0.304   0.358   0.283
   9.360    0.932    0.001   0.001   0.005   0.005   0.005   0.000   0.313   0.304   0.304
   9.380    0.888    0.001   0.001   0.004   0.004   0.004   0.000   0.320   0.248   0.304
   9.400    0.853    0.001   0.001   0.004   0.004   0.004   0.000   0.332   0.194   0.315
   9.420    0.808    0.001   0.001   0.004   0.004   0.004   0.000   0.327   0.153   0.312
   9.440    0.749    0.002   0.001   0.005   0.005   0.005   0.000   0.314   0.117   0.293
   9.460    0.700    0.003   0.002   0.006   0.007   0.006   0.000   0.298   0.093   0.290
   9.480    0.643    0.004   0.003   0.009   0.008   0.009   0.000   0.279   0.065   0.264
   9.500    0.591    0.006   0.004   0.013   0.013   0.013   0.000   0.247   0.050   0.240
   9.520    0.540    0.008   0.007   0.016   0.016   0.017   0.000   0.221   0.034   0.222
   9.540    0.497    0.013   0.011   0.021   0.021   0.022   0.000   0.193   0.022   0.194
   9.560    0.462    0.019   0.016   0.027   0.028   0.028   0.000   0.162   0.017   0.163
   9.580    0.445    0.024   0.022   0.036   0.037   0.037   0.000   0.138   0.011   0.141
   9.600    0.436    0.034   0.032   0.045   0.044   0.045   0.000   0.114   0.009   0.116
   9.620    0.441    0.045   0.045   0.055   0.054   0.054   0.000   0.085   0.008   0.097
   9.640    0.465    0.057   0.057   0.066   0.065   0.065   0.000   0.069   0.008   0.077
   9.660    0.493    0.071   0.070   0.078   0.078   0.076   0.000   0.053   0.011   0.061
   9.680    0.540    0.087   0.087   0.090   0.089   0.088   0.000   0.037   0.014   0.049
   9.700    0.595    0.104   0.105   0.100   0.101   0.101   0.000   0.029   0.022   0.034
   9.720    0.651    0.119   0.123   0.109   0.111   0.111   0.000   0.022   0.029   0.028
   9.740    0.717    0.135   0.136   0.122   0.124   0.122   0.000   0.016   0.040   0.022
   9.760    0.769    0.147   0.149   0.132   0.130   0.128   0.000   0.013   0.053   0.017
   9.780    0.822    0.155   0.161   0.136   0.137   0.135   0.000   0.010   0.072   0.017
   9.800    0.871    0.163   0.164   0.139   0.139   0.140   0.000   0.010   0.097   0.017
   9.820    0.914    0.167   0.165   0.140   0.143   0.144   0.000   0.013   0.122   0.020
   9.840    0.944    0.163   0.166   0.141   0.140   0.140   0.000   0.017   0.147   0.028
   9.860    0.962    0.156   0.158   0.135   0.136   0.134   0.000   0.024   0.183   0.036
   9.880    0.983    0.147   0.148   0.129   0.128   0.129   0.000   0.035   0.219   0.050
   9.900    0.995    0.134   0.136   0.119   0.122   0.121   0.000   0.048   0.243   0.066
   9.920    1.000    0.117   0.118   0.110   0.110   0.110   0.000   0.068   0.278   0.090
   9.940    1.030    0.102   0.104   0.100   0.099   0.100   0.000   0.099   0.307   0.122
   9.960    1.044    0.087   0.085   0.087   0.087   0.088   0.000   0.130   0.326   0.154
   9.980    1.071    0.069   0.069   0.077   0.075   0.075   0.001   0.170   0.335   0.197
  10.000    1.122    0.056   0.056   0.063   0.063   0.064   0.001   0.213   0.357   0.250
  10.020    1.183    0.043   0.044   0.053   0.053   0.053   0.002   0.275   0.362   0.298
  10.040    1.253    0.034   0.031   0.043   0.042   0.043   0.004   0.342   0.351   0.360
  10.060    1.339    0.024   0.024   0.036   0.034   0.035   0.006   0.417   0.341   0.426
  10.080    1.430    0.018   0.017   0.028   0.028   0.027   0.010   0.490   0.330   0.490
  10.100    1.526    0.013   0.012   0.021   0.021   0.021   0.015   0.568   0.302   0.557
  10.120    1.620    0.009   0.008   0.016   0.016   0.017   0.022   0.648   0.273   0.618
  10.140    1.701    0.006   0.005   0.012   0.012   0.012   0.033   0.702   0.245   0.675
  10.160    1.780    0.004   0.003   0.009   0.009   0.009   0.047   0.771   0.211   0.724
  10.180    1.823    0.002   0.002   0.006   0.006   0.006   0.063   0.793   0.180   0.753
  10.200    1.862    0.002   0.001   0.004   0.004   0.005   0.085   0.825   0.154   0.775
  10.220    1.878    0.001   0.001   0.003   0.003   0.003   0.112   0.846   0.124   0.785
  10.240    1.848    0.001   0.000   0.002   0.002   0.002   0.141   0.833   0.100   0.771
  10.260    1.822    0.000   0.000   0.001   0.001   0.001   0.179   0.804   0.079   0.753
  10.280    1.755    0.000   0.000   0.001   0.001   0.001   0.216   0.763   0.061   0.716
  10.300    1.668    0.000   0.000   0.001   0.001   0.001   0.254   0.701   0.045   0.668
  10.320    1.571    0.000   0.000   0.000   0.000   0.000   0.292   0.639   0.034   0.614
  10.340    1.466    0.000   0.000   0.000   0.000   0.000   0.325   0.559   0.025   0.550
  10.360    1.346    0.000   0.000   0.000   0.000   0.000   0.353   0.487   0.019   0.480
  10.380    1.227    0.000   0.000   0.000   0.000   0.000   0.375   0.416   0.016   0.426
  10.400    1.101    0.000   0.000   0.000   0.000   0.000   0.384   0.337   0.016   0.360
  10.420    0.979    0.000   0.000   0.000   0.000   0.000   0.387   0.275   0.018   0.294
  10.440    0.868    0.000   0.000   0.000   0.000   0.000   0.383   0.219   0.023   0.242
  10.460    0.764    0.000   0.000   0.000   0.000   0.000   0.364   0.173   0.033   0.198
  10.480    0.678    0.000   0.000   0.000   0.000   0.000   0.343   0.134   0.046   0.157
  10.500    0.595    0.000   0.000   0.000   0.000   0.000   0.307   0.100   0.065   0.121
  10.520    0.531    0.000   0.000   0.000   0.000   0.000   0.275   0.072   0.089   0.093
  10.540    0.480    0.000   0.000   0.000   0.000   0.000   0.237   0.053   0.119   0.070
  10.560    0.453    0.000   0.000   0.000   0.000   0.000   0.196   0.040   0.160   0.054
  10.580    0.444    0.000   0.000   0.000   0.000   0.000   0.158   0.032   0.212   0.044
  10.600    0.455    0.000   0.000   0.000   0.000   0.000   0.129   0.027   0.260   0.039
  10.620    0.487    0.000   0.000   0.000   0.000   0.000   0.100   0.027   0.330   0.035
  10.640    0.532    0.000   0.000   0.000   0.000   0.000   0.074   0.030   0.390   0.038
  10.660    0.596    0.000   0.000   0.000   0.000   0.000   0.055   0.035   0.454   0.042
  10.680    0.679    0.000   0.000   0.000   0.000   0.000   0.040   0.048   0.534   0.057
  10.700    0.762    0.000   0.000   0.000   0.000   0.000   0.028   0.064   0.595   0.072
  10.720    0.853    0.000   0.000   0.000   0.000   0.000   0.019   0.082   0.665   0.089
  10.740    0.935    0.000   0.000   0.000   0.000   0.000   0.012   0.104   0.707   0.116
  10.760    1.029    0.000   0.000   0.000   0.000   0.000   0.008   0.133   0.742   0.142
  10.780    1.107    0.000   0.000   0.000   0.000   0.000   0.005   0.168   0.761   0.177
  10.800    1.179    0.000   0.000   0.000   0.000   0.000   0.003   0.205   0.761   0.211
  10.820    1.243    0.000   0.000   0.000   0.000   0.000   0.002   0.243   0.744   0.248
  10.840    1.289    0.000   0.000   0.000   0.000   0.000   0.001   0.290   0.716   0.288
  10.860    1.318    0.000   0.000   0.000   0.000   0.000   0.001   0.328   0.661   0.327
  10.880    1.336    0.000   0.000   0.000   0.000   0.000   0.000   0.367   0.607   0.360
  10.900    1.356    0.000   0.000   0.001   0.000   0.001   0.000   0.403   0.554   0.403
  10.920    1.338    0.000   0.000   0.001   0.001   0.001   0.000   0.429   0.491   0.419
  10.940    1.312    0.000   0.000   0.001   0.001   0.001   0.000   0.450   0.410   0.443
  10.960    1.265    0.000   0.000   0.002   0.002   0.002   0.000   0.463   0.347   0.446
  10.980    1.221    0.001   0.001   0.002   0.002   0.002   0.000   0.476   0.284   0.454
  11.000    1.155    0.002   0.001   0.003   0.003   0.004   0.000   0.469   0.229   0.444
  11.020    1.085    0.002   0.002   0.005   0.005   0.004   0.000   0.453   0.178   0.437
  11.040    1.006    0.003   0.003   0.006   0.006   0.006   0.000   0.428   0.139   0.418
  11.060    0.923    0.005   0.005   0.008   0.008   0.008   0.000   0.399   0.104   0.381
  11.080    0.837    0.007   0.007   0.011   0.011   0.010   0.000   0.361   0.077   0.350
  11.100    0.750    0.009   0.009   0.014   0.014   0.013   0.000   0.317   0.055   0.316
  11.120    0.677    0.013   0.013   0.017   0.017   0.016   0.000   0.284   0.044   0.276
  11.140    0.611    0.018   0.016   0.021   0.021   0.021   0.000   0.236   0.035   0.244
  11.160    0.549    0.021   0.022   0.024   0.025   0.024   0.000   0.197   0.031   0.204
  11.180    0.504    0.028   0.028   0.029   0.029   0.030   0.000   0.166   0.030   0.168
  11.200    0.473    0.033   0.034   0.033   0.033   0.033   0.000   0.130   0.034   0.141
  11.220    0.448    0.039   0.039   0.038   0.038   0.038   0.000   0.104   0.043   0.113
  11.240    0.443    0.045   0.046   0.043   0.043   0.043   0.000   0.083   0.055   0.086
  11.260    0.439    0.051   0.049   0.046   0.045   0.047   0.000   0.061   0.074   0.068
  11.280    0.458    0.054   0.056   0.048   0.049   0.049   0.000   0.048   0.096   0.057
  11.300    0.479    0.060   0.058   0.051   0.051   0.051   0.000   0.038   0.125   0.048
  11.320    0.505    0.061   0.061   0.051   0.052   0.052   0.000   0.032   0.153   0.041
  11.340    0.547    0.060   0.063   0.053   0.053   0.054   0.000   0.032   0.193   0.039
  11.360    0.588    0.061   0.062   0.053   0.053   0.052   0.000   0.034   0.231   0.045
  11.380    0.630    0.058   0.059   0.051   0.052   0.051   0.000   0.040   0.271   0.048
  11.400    0.676    0.054   0.056   0.049   0.049   0.049   0.000   0.049   0.309   0.062
  11.420    0.716    0.049   0.049   0.046   0.046   0.044   0.001   0.064   0.342   0.073
  11.440    0.769    0.043   0.044   0.041   0.042   0.042   0.001   0.084   0.378   0.091
  11.460    0.819    0.039   0.038   0.038   0.037   0.037   0.002   0.105   0.408   0.112
  11.480    0.873    0.033   0.032   0.033   0.032   0.034   0.004   0.135   0.426   0.142
  11.500    0.919    0.027   0.026   0.028   0.029   0.029   0.007   0.166   0.437   0.172
  11.520    0.964    0.021   0.021   0.024   0.024   0.024   0.011   0.196   0.442   0.203
  11.540    1.017    0.016   0.017   0.021   0.020   0.020   0.017   0.234   0.436   0.240
  11.560    1.061    0.013   0.012   0.017   0.016   0.017   0.025   0.272   0.416   0.271
  11.580    1.102    0.009   0.009   0.014   0.013   0.014   0.035   0.314   0.394   0.305
  11.600    1.140    0.007   0.007   0.013   0.012   0.011   0.052   0.346   0.363   0.334
  11.620    1.173    0.005   0.005   0.010   0.010   0.010   0.073   0.380   0.320   0.355
  11.640    1.192    0.004   0.004   0.009   0.010   0.009   0.095   0.398   0.283   0.382
  11.660    1.216    0.004   0.003   0.009   0.009   0.009   0.126   0.410   0.247   0.392
  11.680    1.226    0.004   0.004   0.010   0.010   0.010   0.161   0.421   0.212   0.397
  11.700    1.228    0.006   0.004   0.011   0.011   0.011   0.198   0.422   0.167   0.393
  11.720    1.236    0.007   0.006   0.014   0.013   0.014   0.244   0.413   0.135   0.395
  11.740    1.234    0.010   0.009   0.017   0.017   0.018   0.288   0.396   0.106   0.369
  11.760    1.219    0.014   0.012   0.022   0.022   0.022   0.327   0.363   0.084   0.349
  11.780    1.216    0.019   0.017   0.028   0.028   0.028   0.368   0.332   0.065   0.327
  11.800    1.193    0.026   0.024   0.034   0.033   0.035   0.399   0.299   0.050   0.294
  11.820    1.180    0.034   0.032   0.042   0.042   0.042   0.425   0.263   0.040   0.264
  11.840    1.167    0.043   0.042   0.052   0.051   0.051   0.444   0.229   0.031   0.227
  11.860    1.148    0.056   0.054   0.060   0.060   0.060   0.446   0.189   0.029   0.196
  11.880    1.139    0.069   0.068   0.070   0.071   0.070   0.443   0.156   0.028   0.166
  11.900    1.126    0.081   0.081   0.081   0.080   0.079   0.429   0.131   0.031   0.136
  11.920    1.109    0.095   0.094   0.091   0.090   0.091   0.399   0.100   0.033   0.116
  11.940    1.088    0.106   0.108   0.098   0.098   0.099   0.363   0.078   0.042   0.094
  11.960    1.076    0.120   0.121   0.106   0.106   0.107   0.322   0.065   0.051   0.078
  11.980    1.056    0.128   0.130   0.113   0.111   0.114   0.276   0.053   0.062   0.069
  12.000    1.050    0.134   0.137   0.118   0.116   0.119   0.237   0.049   0.076   0.063
  12.020    1.029    0.135   0.142   0.117   0.120   0.118   0.196   0.049   0.089   0.065
  12.040    1.011    0.134   0.139   0.118   0.118   0.118   0.157   0.050   0.108   0.069
  12.060    0.996    0.129   0.135   0.113   0.116   0.115   0.121   0.061   0.120   0.085
  12.080    0.990    0.125   0.128   0.109   0.110   0.110   0.093   0.077   0.136   0.099
  12.100    0.983    0.115   0.117   0.105   0.104   0.103   0.069   0.100   0.153   0.119
  12.120    0.979    0.102   0.104   0.095   0.095   0.095   0.049   0.125   0.168   0.146
  12.140    0.990    0.089   0.091   0.088   0.086   0.086   0.034   0.163   0.180   0.183
  12.160    1.005    0.076   0.077   0.077   0.077   0.078   0.025   0.203   0.184   0.216
  12.180    1.031    0.064   0.064   0.065   0.067   0.067   0.016   0.247   0.185   0.254
  12.200    1.066    0.054   0.050   0.057   0.058   0.057   0.011   0.294   0.191   0.302
  12.220    1.112    0.042   0.040   0.047   0.049   0.048   0.006   0.350   0.187   0.347
  12.240    1.143    0.031   0.030   0.040   0.039   0.040   0.004   0.400   0.177   0.391
  12.260    1.186    0.024   0.023   0.033   0.033   0.033   0.002   0.438   0.167   0.428
  12.280    1.220    0.018   0.016   0.026   0.027   0.026   0.002   0.485   0.153   0.465
  12.300    1.253    0.014   0.012   0.023   0.023   0.022   0.001   0.523   0.141   0.495
  12.320    1.267    0.011   0.009   0.019   0.019   0.019   0.001   0.547   0.123   0.516
  12.340    1.273    0.009   0.008   0.017   0.017   0.017   0.000   0.560   0.109   0.526
  12.360    1.254    0.008   0.006   0.016   0.016   0.015   0.000   0.565   0.094   0.536
  12.380    1.222    0.009   0.007   0.016   0.016   0.016   0.000   0.555   0.078   0.520
  12.400    1.185    0.010   0.009   0.018   0.017   0.018   0.000   0.537   0.070   0.503
  12.420    1.133    0.013   0.012   0.020   0.019   0.021   0.000   0.508   0.057   0.482
  12.440    1.075    0.017   0.016   0.024   0.024   0.024   0.000   0.468   0.052   0.448
  12.460    1.003    0.022   0.021   0.028   0.029   0.029   0.000   0.425   0.048   0.410
  12.480    0.949    0.030   0.028   0.034   0.034   0.034   0.000   0.373   0.046   0.364
  12.500    0.896    0.036   0.036   0.040   0.041   0.041   0.000   0.323   0.051   0.322
  12.520    0.847    0.045   0.045   0.047   0.047   0.047   0.000   0.274   0.062   0.282
  12.540    0.812    0.053   0.053   0.054   0.053   0.054   0.000   0.226   0.077   0.240
  12.560    0.798    0.063   0.063   0.060   0.061   0.062   0.000   0.189   0.099   0.204
  12.580    0.787    0.071   0.071   0.068   0.068   0.067   0.000   0.149   0.124   0.170
  12.600    0.801    0.080   0.081   0.074   0.074   0.073   0.000   0.120   0.164   0.136
  12.620    0.824    0.085   0.089   0.079   0.080   0.077   0.000   0.096   0.202   0.117
  12.640    0.856    0.093   0.093   0.080   0.081   0.081   0.000   0.077   0.256   0.099
  12.660    0.896    0.096   0.097   0.084   0.082   0.084   0.000   0.063   0.308   0.084
  12.680    0.954    0.096   0.097   0.085   0.085   0.085   0.000   0.058   0.373   0.078
  12.700    1.006    0.094   0.094   0.083   0.083   0.083   0.000   0.058   0.431   0.078
  12.720    1.057    0.090   0.092   0.080   0.081   0.081   0.001   0.063   0.489   0.078
  12.740    1.118    0.085   0.086   0.078   0.076   0.077   0.001   0.075   0.554   0.088
  12.760    1.169    0.078   0.080   0.072   0.072   0.071   0.001   0.087   0.606   0.103
  12.780    1.207    0.069   0.069   0.064   0.065   0.065   0.002   0.107   0.641   0.121
  12.800    1.250    0.062   0.061   0.058   0.059   0.059   0.004   0.132   0.674   0.141
  12.820    1.277    0.051   0.050   0.052   0.052   0.051   0.006   0.161   0.687   0.165
  12.840    1.304    0.043   0.043   0.045   0.045   0.045   0.009   0.188   0.700   0.194
  12.860    1.314    0.035   0.033   0.039   0.039   0.039   0.013   0.214   0.682   0.218
  12.880    1.321    0.027   0.027   0.032   0.032   0.033   0.019   0.245   0.660   0.243
  12.900    1.320    0.021   0.020   0.028   0.028   0.028   0.027   0.280   0.617   0.269
  12.920    1.295    0.016   0.016   0.023   0.024   0.023   0.035   0.295   0.568   0.285
  12.940    1.271    0.013   0.012   0.021   0.019   0.020   0.046   0.318   0.518   0.301
  12.960    1.246    0.011   0.009   0.018   0.018   0.018   0.060   0.335   0.457   0.317
  12.980    1.203    0.010   0.008   0.017   0.017   0.016   0.076   0.341   0.402   0.318
  13.000    1.159    0.009   0.009   0.017   0.017   0.016   0.094   0.338   0.338   0.315
  13.020    1.116    0.010   0.010   0.018   0.017   0.018   0.111   0.336   0.282   0.318
  13.040    1.065    0.013   0.012   0.019   0.020   0.020   0.130   0.317   0.233   0.299
  13.060    1.020    0.017   0.016   0.023   0.023   0.022   0.146   0.297   0.186   0.286
  13.080    0.976    0.021   0.020   0.027   0.027   0.028   0.162   0.275   0.150   0.267
  13.100    0.933    0.027   0.026   0.032   0.032   0.032   0.172   0.249   0.122   0.237
  13.120    0.897    0.034   0.033   0.038   0.038   0.038   0.180   0.219   0.104   0.215
  13.140    0.869    0.041   0.042   0.043   0.044   0.043   0.185   0.188   0.092   0.193
  13.160    0.847    0.049   0.050   0.050   0.049   0.050   0.182   0.159   0.090   0.168
  13.180    0.826    0.057   0.058   0.055   0.055   0.056   0.172   0.133   0.098   0.143
  13.200    0.819    0.065   0.067   0.061   0.062   0.062   0.166   0.107   0.111   0.119
  13.220    0.824    0.072   0.074   0.068   0.067   0.068   0.153   0.089   0.130   0.105
  13.240    0.825    0.079   0.081   0.071   0.071   0.070   0.135   0.073   0.155   0.091
  13.260    0.839    0.084   0.085   0.074   0.074   0.074   0.117   0.059   0.191   0.082
  13.280    0.862    0.087   0.089   0.076   0.075   0.076   0.101   0.054   0.228   0.076
  13.300    0.886    0.087   0.088   0.077   0.077   0.077   0.084   0.050   0.272   0.076
  13.320    0.913    0.087   0.087   0.075   0.076   0.076   0.069   0.055   0.314   0.078
  13.340    0.939    0.081   0.083   0.073   0.073   0.073   0.053   0.061   0.355   0.086
  13.360    0.972    0.077   0.078   0.068   0.070   0.069   0.040   0.074   0.401   0.095
  13.380    0.995    0.070   0.072   0.065   0.065   0.065   0.031   0.088   0.432   0.112
  13.400    1.019    0.063   0.062   0.059   0.060   0.059   0.022   0.110   0.455   0.128
  13.420    1.046    0.055   0.054   0.053   0.052   0.053   0.015   0.136   0.472   0.150
  13.440    1.055    0.046   0.045   0.046   0.047   0.046   0.010   0.162   0.486   0.168
  13.460    1.066    0.038   0.038   0.040   0.040   0.040   0.007   0.192   0.481   0.189
  13.480    1.076    0.031   0.030   0.036   0.034   0.034   0.004   0.220   0.470   0.212
  13.500    1.068    0.025   0.024   0.029   0.029   0.029   0.003   0.249   0.449   0.232
  13.520    1.054    0.018   0.018   0.024   0.024   0.024   0.002   0.271   0.414   0.251
  13.540    1.033    0.015   0.014   0.020   0.020   0.020   0.001   0.298   0.379   0.268
  13.560    1.004    0.011   0.010   0.016   0.017   0.017   0.001   0.314   0.341   0.281
  13.580    0.957    0.009   0.008   0.014   0.014   0.014   0.000   0.317   0.300   0.282
  13.600    0.907    0.007   0.006   0.012   0.012   0.012   0.000   0.322   0.255   0.278
  13.620    0.854    0.006   0.005   0.011   0.011   0.011   0.000   0.315   0.211   0.281
  13.640    0.793    0.006   0.006   0.011   0.010   0.010   0.000   0.304   0.175   0.269
  13.660    0.736    0.006   0.006   0.010   0.010   0.010   0.000   0.284   0.147   0.258
  13.680    0.671    0.008   0.007   0.011   0.011   0.010   0.000   0.263   0.118   0.245
  13.700    0.611    0.009   0.009   0.012   0.012   0.012   0.000   0.237   0.099   0.223
  13.720    0.559    0.012   0.011   0.013   0.013   0.013   0.000   0.207   0.085   0.204
  13.740    0.511    0.013   0.014   0.015   0.015   0.015   0.000   0.180   0.079   0.182
  13.760    0.474    0.017   0.016   0.016   0.016   0.017   0.000   0.152   0.076   0.161
  13.780    0.447    0.019   0.019   0.018   0.018   0.018   0.000   0.130   0.081   0.143
  13.800    0.430    0.021   0.022   0.020   0.020   0.019   0.000   0.108   0.094   0.128
  13.820    0.434    0.024   0.024   0.021   0.021   0.021   0.000   0.092   0.113   0.115
  13.840    0.440    0.026   0.025   0.022   0.022   0.023   0.000   0.083   0.133   0.106
  13.860    0.462    0.026   0.027   0.023   0.022   0.023   0.000   0.082   0.156   0.102
  13.880    0.493    0.027   0.028   0.024   0.023   0.023   0.001   0.082   0.184   0.104
  13.900    0.542    0.027   0.028   0.023   0.024   0.023   0.001   0.095   0.210   0.115
  13.920    0.595    0.026   0.026   0.023   0.023   0.023   0.002   0.107   0.238   0.128
  13.940    0.658    0.025   0.026   0.022   0.022   0.023   0.004   0.126   0.264   0.147
  13.960    0.726    0.023   0.024   0.021   0.021   0.021   0.006   0.155   0.284   0.171
  13.980    0.806    0.021   0.021   0.019   0.019   0.019   0.009   0.191   0.302   0.201
  14.000    0.885    0.019   0.018   0.017   0.017   0.018   0.013   0.229   0.318   0.233
  14.020    0.964    0.015   0.016   0.016   0.016   0.016   0.019   0.270   0.324   0.274
  14.040    1.047    0.014   0.013   0.014   0.015   0.014   0.027   0.313   0.326   0.312
  14.060    1.123    0.011   0.011   0.013   0.013   0.013   0.039   0.354   0.317   0.351
  14.080    1.194    0.009   0.009   0.012   0.012   0.012   0.052   0.394   0.306   0.388
  14.100    1.260    0.008   0.007   0.011   0.011   0.011   0.070   0.430   0.286   0.419
  14.120    1.311    0.007   0.006   0.011   0.011   0.011   0.092   0.462   0.268   0.442
  14.140    1.349    0.007   0.006   0.012   0.011   0.011   0.116   0.486   0.238   0.465
  14.160    1.380    0.007   0.006   0.012   0.013   0.013   0.143   0.492   0.213   0.480
  14.180    1.390    0.009   0.008   0.014   0.014   0.014   0.171   0.499   0.188   0.476
  14.200    1.389    0.011   0.010   0.016   0.016   0.016   0.201   0.490   0.160   0.468
  14.220    1.369    0.014   0.014   0.019   0.018   0.020   0.227   0.469   0.137   0.453
  14.240    1.352    0.019   0.018   0.023   0.023   0.023   0.255   0.446   0.117   0.431
  14.260    1.318    0.023   0.023   0.028   0.027   0.027   0.277   0.412   0.102   0.402
  14.280    1.275    0.029   0.028   0.032   0.032   0.032   0.292   0.371   0.093   0.363
  14.300    1.231    0.035   0.035   0.038   0.037   0.037   0.304   0.328   0.089   0.324
  14.320    1.187    0.042   0.043   0.042   0.043   0.043   0.304   0.290   0.091   0.290
  14.340    1.146    0.049   0.050   0.047   0.048   0.048   0.299   0.251   0.098   0.260
  14.360    1.109    0.057   0.057   0.052   0.053   0.053   0.287   0.216   0.112   0.220
  14.380    1.077    0.063   0.063   0.057   0.057   0.056   0.270   0.185   0.133   0.196
  14.400    1.053    0.067   0.068   0.061   0.061   0.061   0.243   0.159   0.159   0.174
  14.420    1.040    0.072   0.072   0.063   0.063   0.064   0.215   0.145   0.189   0.161
  14.440    1.036    0.074   0.075   0.065   0.065   0.065   0.189   0.133   0.220   0.153
  14.460    1.043    0.074   0.075   0.066   0.064   0.065   0.157   0.135   0.255   0.155
  14.480    1.065    0.074   0.074   0.063   0.064   0.065   0.128   0.143   0.291   0.160
  14.500    1.089    0.069   0.070   0.062   0.062   0.062   0.104   0.162   0.320   0.176
  14.520    1.128    0.065   0.067   0.059   0.060   0.058   0.081   0.186   0.354   0.200
  14.540    1.170    0.060   0.060   0.055   0.055   0.055   0.062   0.219   0.382   0.232
  14.560    1.221    0.053   0.053   0.051   0.052   0.051   0.045   0.257   0.394   0.265
  14.580    1.272    0.046   0.046   0.046   0.047   0.046   0.034   0.294   0.408   0.301
  14.600    1.315    0.040   0.040   0.042   0.042   0.042   0.024   0.341   0.409   0.340
  14.620    1.358    0.033   0.033   0.038   0.038   0.038   0.016   0.385   0.398   0.380
  14.640    1.394    0.028   0.027   0.035   0.034   0.034   0.011   0.429   0.378   0.414
  14.660    1.419    0.024   0.023   0.031   0.032   0.032   0.007   0.457   0.364   0.444
  14.680    1.433    0.020   0.020   0.030   0.030   0.030   0.005   0.498   0.330   0.475
  14.700    1.433    0.019   0.018   0.029   0.029   0.029   0.003   0.513   0.301   0.492
  14.720    1.423    0.020   0.018   0.031   0.031   0.031   0.002   0.524   0.269   0.500
  14.740    1.400    0.023   0.021   0.034   0.034   0.033   0.001   0.528   0.230   0.499
  14.760    1.362    0.027   0.025   0.038   0.037   0.038   0.001   0.511   0.196   0.487
  14.780    1.319    0.033   0.032   0.044   0.042   0.042   0.000   0.486   0.163   0.469
  14.800    1.276    0.041   0.040   0.050   0.050   0.050   0.000   0.459   0.140   0.443
  14.820    1.228    0.050   0.050   0.059   0.058   0.059   0.000   0.424   0.116   0.413
  14.840    1.184    0.062   0.062   0.067   0.067   0.067   0.000   0.384   0.100   0.375
  14.860    1.143    0.075   0.075   0.076   0.076   0.076   0.000   0.336   0.090   0.335
  14.880    1.109    0.087   0.089   0.088   0.086   0.087   0.000   0.292   0.085   0.292
  14.900    1.080    0.102   0.101   0.096   0.096   0.096   0.000   0.248   0.087   0.257
  14.920    1.056    0.113   0.114   0.105   0.104   0.103   0.000   0.209   0.094   0.215
  14.940    1.038    0.123   0.125   0.110   0.111   0.109   0.000   0.173   0.107   0.184
  14.960    1.027    0.132   0.134   0.115   0.115   0.117   0.001   0.140   0.123   0.152
  14.980    1.022    0.137   0.138   0.119   0.121   0.120   0.001   0.116   0.140   0.130
  15.000    1.011    0.139   0.141   0.120   0.121   0.120   0.002   0.098   0.159   0.110
  15.020    0.999    0.136   0.139   0.120   0.119   0.119   0.004   0.087   0.184   0.094
  15.040    0.981    0.131   0.134   0.116   0.115   0.116   0.007   0.075   0.205   0.085
  15.060    0.966    0.124   0.125   0.110   0.111   0.111   0.010   0.072   0.222   0.080
  15.080    0.943    0.113   0.115   0.103   0.105   0.103   0.017   0.072   0.242   0.077
  15.100    0.920    0.102   0.102   0.094   0.096   0.095   0.023   0.076   0.252   0.080
  15.120    0.886    0.089   0.089   0.085   0.084   0.086   0.034   0.079   0.258   0.084
  15.140    0.859    0.076   0.076   0.075   0.075   0.075   0.048   0.087   0.258   0.090
  15.160    0.832    0.062   0.061   0.065   0.066   0.066   0.067   0.095   0.257   0.096
  15.180    0.802    0.051   0.050   0.056   0.057   0.056   0.087   0.101   0.242   0.102
  15.200    0.782    0.040   0.039   0.047   0.046   0.047   0.116   0.108   0.228   0.109
  15.220    0.762    0.031   0.029   0.038   0.039   0.038   0.146   0.116   0.215   0.116
  15.240    0.742    0.023   0.022   0.030   0.031   0.031   0.179   0.117   0.191   0.119
  15.260    0.736    0.017   0.016   0.025   0.025   0.024   0.218   0.122   0.168   0.120
  15.280    0.723    0.012   0.011   0.020   0.018   0.019   0.256   0.120   0.149   0.119
  15.300    0.716    0.008   0.008   0.015   0.014   0.015   0.294   0.116   0.128   0.115
  15.320    0.713    0.006   0.005   0.011   0.011   0.011   0.329   0.115   0.114   0.110
  15.340    0.699    0.004   0.003   0.008   0.008   0.008   0.354   0.105   0.100   0.107
  15.360    0.692    0.002   0.002   0.006   0.006   0.006   0.378   0.098   0.093   0.100
  15.380    0.686    0.001   0.001   0.004   0.004   0.004   0.391   0.092   0.093   0.096
  15.400    0.675    0.001   0.001   0.003   0.003   0.003   0.395   0.085   0.095   0.089
  15.420    0.663    0.001   0.000   0.002   0.002   0.002   0.387   0.079   0.106   0.085
  15.440    0.656    0.000   0.000   0.001   0.001   0.001   0.374   0.076   0.118   0.086
  15.460    0.648    0.000   0.000   0.001   0.001   0.001   0.349   0.074   0.141   0.084
  15.480    0.647    0.000   0.000   0.001   0.001   0.001   0.318   0.077   0.164   0.088
  15.500    0.655    0.000   0.000   0.000   0.000   0.000   0.284   0.084   0.192   0.096
  15.520    0.668    0.000   0.000   0.000   0.000   0.000   0.245   0.096   0.217   0.107
  15.540    0.694    0.000   0.000   0.000   0.000   0.000   0.208   0.112   0.247   0.126
  15.560    0.730    0.000   0.000   0.000   0.000   0.000   0.171   0.134   0.276   0.147
  15.580    0.776    0.000   0.000   0.000   0.000   0.000   0.137   0.164   0.300   0.172
  15.600    0.832    0.000   0.000   0.000   0.000   0.000   0.108   0.196   0.326   0.200
  15.620    0.894    0.000   0.000   0.000   0.000   0.000   0.083   0.233   0.341   0.236
  15.640    0.954    0.000   0.000   0.000   0.000   0.000   0.062   0.272   0.349   0.270
  15.660    1.008    0.000   0.000   0.000   0.000   0.000   0.045   0.308   0.349   0.302
  15.680    1.064    0.000   0.000   0.001   0.001   0.001   0.032   0.347   0.344   0.338
  15.700    1.115    0.000   0.000   0.001   0.001   0.001   0.021   0.384   0.336   0.369
  15.720    1.146    0.001   0.001   0.001   0.001   0.001   0.015   0.414   0.315   0.395
  15.740    1.166    0.001   0.001   0.002   0.002   0.002   0.010   0.437   0.295   0.414
  15.760    1.167    0.001   0.001   0.002   0.002   0.002   0.006   0.454   0.270   0.430
  15.780    1.153    0.002   0.002   0.003   0.003   0.003   0.004   0.462   0.243   0.433
  15.800    1.122    0.003   0.002   0.003   0.003   0.003   0.002   0.455   0.214   0.432
  15.820    1.074    0.004   0.003   0.004   0.004   0.004   0.001   0.443   0.190   0.418
  15.840    1.022    0.005   0.004   0.005   0.005   0.005   0.001   0.420   0.168   0.405
  15.860    0.962    0.006   0.005   0.006   0.006   0.006   0.000   0.397   0.154   0.384
  15.880    0.903    0.007   0.007   0.007   0.007   0.007   0.000   0.366   0.144   0.359
  15.900    0.839    0.009   0.008   0.008   0.008   0.009   0.000   0.331   0.141   0.331
  15.920    0.783    0.010   0.010   0.010   0.010   0.009   0.000   0.292   0.147   0.294
  15.940    0.738    0.011   0.011   0.011   0.011   0.011   0.000   0.255   0.159   0.268
  15.960    0.704    0.012   0.013   0.012   0.011   0.012   0.000   0.225   0.178   0.240
  15.980    0.688    0.013   0.014   0.013   0.013   0.012   0.000   0.200   0.205   0.220
  16.000    0.687    0.015   0.015   0.013   0.013   0.013   0.001   0.182   0.233   0.203
  16.020    0.705    0.015   0.016   0.013   0.014   0.014   0.001   0.167   0.269   0.196
  16.040    0.740    0.015   0.016   0.014   0.014   0.014   0.001   0.167   0.310   0.194
  16.060    0.781    0.015   0.016   0.014   0.014   0.014   0.002   0.170   0.342   0.198
  16.080    0.839    0.014   0.015   0.013   0.014   0.014   0.004   0.187   0.375   0.207
  16.100    0.903    0.014   0.014   0.013   0.014   0.014   0.006   0.204   0.399   0.224
  16.120    0.975    0.013   0.013   0.013   0.013   0.013   0.009   0.231   0.425   0.247
  16.140    1.048    0.012   0.012   0.013   0.013   0.013   0.012   0.264   0.435   0.271
  16.160    1.115    0.011   0.010   0.013   0.013   0.013   0.016   0.294   0.440   0.299
  16.180    1.179    0.011   0.010   0.014   0.013   0.014   0.023   0.334   0.441   0.324
  16.200    1.233    0.010   0.010   0.015   0.015   0.014   0.029   0.364   0.429   0.350
  16.220    1.276    0.011   0.010   0.016   0.016   0.016   0.038   0.391   0.403   0.371
  16.240    1.310    0.013   0.012   0.019   0.019   0.018   0.048   0.410   0.374   0.388
  16.260    1.330    0.014   0.014   0.022   0.022   0.022   0.058   0.431   0.349   0.405
  16.280    1.335    0.019   0.018   0.026   0.025   0.025   0.070   0.436   0.310   0.406
  16.300    1.332    0.024   0.022   0.031   0.030   0.031   0.081   0.432   0.277   0.402
  16.320    1.320    0.030   0.029   0.038   0.036   0.036   0.091   0.422   0.245   0.394
  16.340    1.306    0.037   0.038   0.044   0.044   0.044   0.101   0.401   0.215   0.376
  16.360    1.280    0.047   0.046   0.051   0.051   0.052   0.107   0.376   0.195   0.356
  16.380    1.258    0.057   0.057   0.058   0.060   0.058   0.112   0.347   0.179   0.335
  16.400    1.233    0.068   0.067   0.067   0.068   0.066   0.115   0.309   0.168   0.303
  16.420    1.212    0.077   0.079   0.074   0.074   0.076   0.116   0.269   0.170   0.274
  16.440    1.194    0.089   0.089   0.082   0.081   0.082   0.112   0.238   0.179   0.244
  16.460    1.188    0.098   0.099   0.088   0.089   0.089   0.107   0.203   0.198   0.218
  16.480    1.176    0.105   0.106   0.092   0.094   0.094   0.098   0.179   0.218   0.191
  16.500    1.173    0.110   0.113   0.097   0.097   0.096   0.089   0.153   0.244   0.174
  16.520    1.169    0.114   0.115   0.098   0.099   0.099   0.078   0.134   0.277   0.159
  16.540    1.165    0.113   0.115   0.099   0.100   0.099   0.067   0.123   0.310   0.145
  16.560    1.164    0.108   0.111   0.097   0.099   0.097   0.055   0.117   0.342   0.138
  16.580    1.157    0.104   0.106   0.094   0.095   0.094   0.045   0.116   0.366   0.136
  16.600    1.151    0.098   0.096   0.090   0.088   0.089   0.036   0.122   0.395   0.135
  16.620    1.135    0.088   0.088   0.084   0.083   0.083   0.028   0.131   0.410   0.142
  16.640    1.121    0.080   0.080   0.075   0.076   0.078   0.021   0.145   0.417   0.149
  16.660    1.096    0.069   0.069   0.069   0.070   0.070   0.016   0.159   0.416   0.159
  16.680    1.066    0.058   0.059   0.063   0.063   0.064   0.011   0.173   0.410   0.169
  16.700    1.030    0.051   0.050   0.057   0.056   0.057   0.008   0.187   0.386   0.177
  16.720    0.994    0.043   0.042   0.052   0.052   0.051   0.006   0.198   0.367   0.186
  16.740    0.956    0.038   0.036   0.048   0.048   0.048   0.004   0.204   0.337   0.190
  16.760    0.912    0.034   0.032   0.045   0.044   0.045   0.002   0.206   0.306   0.193
  16.780    0.869    0.032   0.031   0.043   0.043   0.042   0.001   0.206   0.273   0.192
  16.800    0.829    0.033   0.032   0.043   0.042   0.043   0.001   0.203   0.238   0.191
  16.820    0.795    0.034   0.034   0.044   0.044   0.044   0.000   0.198   0.209   0.186
  16.840    0.764    0.038   0.038   0.046   0.046   0.047   0.000   0.189   0.181   0.179
  16.860    0.742    0.043   0.044   0.050   0.049   0.049   0.000   0.172   0.160   0.172
  16.880    0.729    0.051   0.050   0.053   0.053   0.052   0.000   0.162   0.143   0.165
  16.900    0.723    0.057   0.056   0.057   0.057   0.057   0.000   0.151   0.130   0.157
  16.920    0.731    0.064   0.065   0.061   0.060   0.061   0.001   0.142   0.123   0.155
  16.940    0.741    0.070   0.070   0.064   0.064   0.064   0.001   0.135   0.121   0.154
  16.960    0.761    0.075   0.075   0.067   0.066   0.067   0.001   0.132   0.124   0.153
  16.980    0.795    0.078   0.080   0.069   0.069   0.069   0.002   0.137   0.133   0.160
  17.000    0.837    0.079   0.081   0.070   0.072   0.072   0.004   0.146   0.141   0.172
  17.020    0.881    0.080   0.081   0.070   0.070   0.071   0.006   0.164   0.155   0.186
  17.040    0.934    0.079   0.079   0.069   0.069   0.069   0.009   0.186   0.167   0.207
  17.060    0.986    0.075   0.074   0.066   0.067   0.066   0.014   0.215   0.176   0.232
  17.080    1.047    0.069   0.070   0.063   0.064   0.064   0.020   0.250   0.184   0.266
  17.100    1.104    0.062   0.063   0.060   0.059   0.059   0.028   0.287   0.193   0.294
  17.120    1.164    0.056   0.055   0.055   0.055   0.055   0.040   0.327   0.196   0.325
  17.140    1.220    0.049   0.049   0.049   0.049   0.049   0.052   0.366   0.194   0.359
  17.160    1.270    0.042   0.041   0.045   0.045   0.045   0.068   0.403   0.190   0.390
  17.180    1.312    0.035   0.036   0.040   0.041   0.041   0.087   0.438   0.181   0.414
  17.200    1.346    0.031   0.030   0.037   0.037   0.036   0.109   0.463   0.171   0.431
  17.220    1.378    0.027   0.026   0.035   0.034   0.034   0.130   0.484   0.164   0.446
  17.240    1.388    0.025   0.024   0.032   0.032   0.032   0.154   0.489   0.152   0.448
  17.260    1.386    0.023   0.022   0.031   0.030   0.030   0.177   0.482   0.142   0.448
  17.280    1.378    0.023   0.023   0.031   0.030   0.030   0.200   0.470   0.132   0.436
  17.300    1.358    0.025   0.024   0.031   0.031   0.031   0.216   0.449   0.130   0.422
  17.320    1.322    0.028   0.027   0.032   0.032   0.032   0.229   0.417   0.129   0.396
  17.340    1.283    0.032   0.031   0.034   0.035   0.034   0.238   0.380   0.129   0.368
  17.360    1.238    0.035   0.035   0.036   0.036   0.036   0.240   0.345   0.139   0.339
  17.380    1.195    0.039   0.039   0.038   0.038   0.038   0.239   0.307   0.151   0.307
  17.400    1.154    0.044   0.043   0.041   0.040   0.041   0.230   0.269   0.170   0.275
  17.420    1.104    0.048   0.047   0.042   0.042   0.042   0.216   0.230   0.193   0.241
  17.440    1.062    0.049   0.049   0.044   0.043   0.045   0.197   0.200   0.218   0.217
  17.460    1.029    0.051   0.051   0.045   0.045   0.044   0.176   0.178   0.247   0.195
  17.480    1.000    0.050   0.051   0.045   0.045   0.044   0.153   0.159   0.274   0.176
  17.500    0.975    0.051   0.050   0.044   0.045   0.044   0.131   0.144   0.305   0.163
  17.520    0.955    0.047   0.049   0.043   0.043   0.043   0.109   0.138   0.329   0.154
  17.540    0.936    0.045   0.045   0.042   0.041   0.041   0.087   0.136   0.348   0.152
  17.560    0.922    0.042   0.041   0.039   0.039   0.039   0.068   0.138   0.364   0.151
  17.580    0.908    0.037   0.038   0.036   0.037   0.036   0.053   0.146   0.370   0.154
  17.600    0.885    0.033   0.033   0.033   0.033   0.034   0.040   0.151   0.371   0.157
  17.620    0.873    0.029   0.029   0.031   0.031   0.032   0.029   0.163   0.365   0.165
  17.640    0.847    0.025   0.025   0.029   0.029   0.030   0.021   0.170   0.346   0.170
  17.660    0.827    0.023   0.022   0.028   0.027   0.027   0.014   0.174   0.333   0.175
  17.680    0.797    0.021   0.020   0.026   0.026   0.026   0.009   0.179   0.309   0.179
  17.700    0.772    0.020   0.019   0.026   0.026   0.026   0.006   0.182   0.285   0.180
  17.720    0.737    0.020   0.020   0.026   0.025   0.026   0.004   0.178   0.261   0.179
  17.740    0.710    0.021   0.021   0.026   0.026   0.026   0.002   0.174   0.240   0.172
  17.760    0.685    0.024   0.024   0.028   0.027   0.028   0.002   0.169   0.217   0.166
  17.780    0.661    0.027   0.027   0.030   0.030   0.030   0.001   0.159   0.202   0.158
  17.800    0.648    0.031   0.031   0.033   0.032   0.032   0.001   0.147   0.194   0.149
  17.820    0.636    0.034   0.034   0.034   0.034   0.034   0.001   0.134   0.193   0.136
  17.840    0.633    0.038   0.038   0.036   0.037   0.038   0.001   0.122   0.197   0.126
  17.860    0.637    0.041   0.042   0.039   0.039   0.039   0.002   0.112   0.209   0.115
  17.880    0.650    0.044   0.045   0.041   0.041   0.040   0.002   0.102   0.226   0.108
  17.900    0.667    0.047   0.047   0.042   0.042   0.042   0.004   0.095   0.244   0.102
  17.920    0.687    0.048   0.049   0.043   0.043   0.043   0.006   0.090   0.271   0.097
  17.940    0.712    0.049   0.049   0.043   0.043   0.042   0.010   0.090   0.292   0.095
  17.960    0.739    0.047   0.047   0.042   0.042   0.042   0.014   0.092   0.319   0.095
  17.980    0.771    0.045   0.045   0.042   0.042   0.042   0.021   0.094   0.341   0.101
  18.000    0.795    0.042   0.042   0.040   0.041   0.041   0.029   0.102   0.355   0.104
  18.020    0.819    0.039   0.038   0.039   0.039   0.039   0.040   0.110   0.367   0.111
  18.040    0.843    0.036   0.035   0.037   0.038   0.037   0.054   0.118   0.369   0.119
  18.060    0.860    0.033   0.032   0.036   0.036   0.036   0.071   0.127   0.364   0.124
  18.080    0.883    0.031   0.029   0.035   0.035   0.035   0.091   0.138   0.355   0.133
  18.100    0.894    0.029   0.028   0.034   0.035   0.034   0.113   0.147   0.335   0.138
  18.120    0.906    0.029   0.028   0.036   0.035   0.036   0.135   0.154   0.315   0.143
  18.140    0.922    0.030   0.029   0.037   0.037   0.037   0.160   0.156   0.287   0.146
  18.160    0.928    0.032   0.032   0.039   0.040   0.039   0.185   0.153   0.259   0.148
  18.180    0.940    0.036   0.035   0.043   0.043   0.043   0.207   0.154   0.233   0.144
  18.200    0.955    0.042   0.042   0.048   0.048   0.047   0.227   0.152   0.205   0.144
  18.220    0.961    0.049   0.048   0.052   0.052   0.051   0.242   0.145   0.179   0.143
  18.240    0.972    0.056   0.055   0.058   0.057   0.057   0.251   0.139   0.159   0.139
  18.260    0.979    0.063   0.064   0.063   0.063   0.063   0.256   0.132   0.143   0.135
  18.280    0.990    0.072   0.071   0.067   0.067   0.068   0.255   0.128   0.128   0.133
  18.300    1.003    0.078   0.080   0.072   0.073   0.073   0.244   0.126   0.123   0.132
  18.320    1.013    0.083   0.085   0.077   0.075   0.076   0.232   0.126   0.121   0.137
  18.340    1.024    0.089   0.090   0.079   0.080   0.079   0.212   0.133   0.120   0.145
  18.360    1.030    0.090   0.092   0.079   0.080   0.081   0.190   0.140   0.126   0.153
  18.380    1.046    0.091   0.092   0.080   0.080   0.081   0.166   0.155   0.132   0.168
  18.400    1.052    0.089   0.089   0.078   0.080   0.080   0.142   0.173   0.139   0.187
  18.420    1.067    0.087   0.087   0.077   0.077   0.077   0.118   0.195   0.145   0.203
  18.440    1.079    0.080   0.081   0.073   0.072   0.073   0.096   0.223   0.152   0.229
  18.460    1.091    0.073   0.074   0.069   0.069   0.070   0.076   0.251   0.156   0.253
  18.480    1.095    0.065   0.065   0.064   0.064   0.064   0.058   0.280   0.156   0.279
  18.500    1.100    0.058   0.057   0.058   0.059   0.059   0.045   0.308   0.158   0.301
  18.520    1.098    0.050   0.050   0.053   0.054   0.053   0.033   0.331   0.152   0.321
  18.540    1.095    0.044   0.043   0.048   0.047   0.049   0.023   0.353   0.147   0.341
  18.560    1.082    0.038   0.037   0.045   0.045   0.044   0.016   0.367   0.143   0.346
  18.580    1.067    0.033   0.032   0.041   0.040   0.041   0.011   0.373   0.139   0.359
  18.600    1.046    0.030   0.029   0.038   0.038   0.038   0.007   0.372   0.134   0.358
  18.620    1.025    0.028   0.029   0.036   0.037   0.036   0.005   0.371   0.134   0.352
  18.640    0.999    0.029   0.028   0.035   0.035   0.035   0.003   0.353   0.139   0.341
  18.660    0.979    0.030   0.029   0.035   0.035   0.034   0.002   0.341   0.146   0.331
  18.680    0.962    0.032   0.032   0.036   0.035   0.034   0.001   0.318   0.159   0.313
  18.700    0.948    0.034   0.034   0.036   0.036   0.036   0.001   0.293   0.177   0.297
  18.720    0.944    0.037   0.038   0.037   0.037   0.037   0.001   0.270   0.204   0.283
  18.740    0.943    0.040   0.040   0.037   0.038   0.038   0.002   0.254   0.232   0.263
  18.760    0.960    0.042   0.043   0.039   0.039   0.038   0.002   0.238   0.266   0.255
  18.780    0.985    0.043   0.044   0.039   0.039   0.040   0.003   0.230   0.304   0.243
  18.800    1.017    0.044   0.044   0.039   0.039   0.039   0.005   0.223   0.342   0.242
  18.820    1.059    0.044   0.044   0.039   0.039   0.039   0.007   0.226   0.377   0.244
  18.840    1.101    0.042   0.043   0.037   0.037   0.038   0.011   0.236   0.409   0.248
  18.860    1.150    0.040   0.041   0.036   0.036   0.036   0.015   0.249   0.439   0.261
  18.880    1.198    0.037   0.037   0.035   0.034   0.034   0.021   0.270   0.456   0.279
  18.900    1.236    0.033   0.033   0.031   0.030   0.031   0.028   0.290   0.464   0.294
  18.920    1.269    0.029   0.030   0.028   0.028   0.028   0.036   0.314   0.465   0.308
  18.940    1.290    0.025   0.025   0.025   0.025   0.024   0.045   0.334   0.457   0.326
  18.960    1.300    0.020   0.021   0.021   0.022   0.022   0.057   0.354   0.438   0.340
  18.980    1.295    0.017   0.017   0.018   0.019   0.018   0.068   0.370   0.417   0.352
  19.000    1.274    0.013   0.013   0.015   0.016   0.015   0.080   0.383   0.382   0.357
  19.020    1.244    0.010   0.010   0.013   0.013   0.013   0.091   0.381   0.351   0.362
  19.040    1.196    0.008   0.007   0.010   0.011   0.010   0.103   0.380   0.309   0.357
  19.060    1.136    0.006   0.005   0.008   0.008   0.008   0.112   0.363   0.278   0.346
  19.080    1.077    0.004   0.004   0.006   0.006   0.007   0.120   0.348   0.245   0.336
  19.100    1.004    0.003   0.003   0.005   0.005   0.005   0.124   0.328   0.214   0.317
  19.120    0.929    0.002   0.002   0.004   0.004   0.004   0.127   0.305   0.188   0.296
  19.140    0.865    0.001   0.001   0.003   0.003   0.003   0.125   0.278   0.171   0.280
  19.160    0.799    0.001   0.001   0.002   0.002   0.002   0.121   0.255   0.157   0.260
  19.180    0.747    0.001   0.000   0.002   0.002   0.002   0.114   0.234   0.151   0.245
  19.200    0.699    0.000   0.000   0.001   0.001   0.001   0.104   0.217   0.148   0.228
  19.220    0.666    0.000   0.000   0.001   0.001   0.001   0.094   0.204   0.146   0.218
  19.240    0.645    0.000   0.000   0.001   0.001   0.001   0.083   0.197   0.147   0.211
  19.260    0.631    0.001   0.000   0.002   0.002   0.001   0.071   0.195   0.151   0.208
  19.280    0.631    0.001   0.001   0.002   0.002   0.002   0.059   0.197   0.153   0.213
  19.300    0.639    0.001   0.001   0.002   0.002   0.002   0.048   0.207   0.154   0.217
  19.320    0.656    0.002   0.001   0.003   0.003   0.003   0.038   0.220   0.159   0.228
  19.340    0.670    0.002   0.002   0.004   0.004   0.004   0.029   0.231   0.158   0.234
  19.360    0.689    0.003   0.003   0.006   0.006   0.005   0.022   0.245   0.154   0.244
  19.380    0.703    0.005   0.005   0.007   0.007   0.007   0.016   0.257   0.149   0.253
  19.400    0.715    0.007   0.006   0.009   0.009   0.009   0.012   0.266   0.140   0.256
  19.420    0.721    0.008   0.009   0.011   0.011   0.011   0.008   0.270   0.131   0.260
  19.440    0.723    0.011   0.011   0.013   0.014   0.014   0.006   0.268   0.123   0.261
  19.460    0.720    0.015   0.014   0.016   0.016   0.016   0.004   0.267   0.113   0.257
  19.480    0.712    0.018   0.018   0.019   0.019   0.019   0.003   0.259   0.106   0.252
  19.500    0.705    0.021   0.022   0.022   0.022   0.022   0.002   0.249   0.099   0.245
  19.520    0.690    0.026   0.025   0.024   0.025   0.024   0.002   0.236   0.092   0.235
  19.540    0.681    0.029   0.030   0.027   0.028   0.028   0.002   0.222   0.091   0.227
  19.560    0.672    0.032   0.033   0.030   0.030   0.030   0.002   0.208   0.091   0.216
  19.580    0.669    0.036   0.036   0.032   0.033   0.032   0.003   0.197   0.095   0.206
  19.600    0.668    0.038   0.038   0.034   0.034   0.034   0.005   0.188   0.099   0.200
  19.620    0.675    0.040   0.040   0.035   0.035   0.035   0.008   0.186   0.103   0.196
  19.640    0.690    0.041   0.041   0.035   0.036   0.036   0.011   0.185   0.110   0.194
  19.660    0.709    0.040   0.041   0.035   0.036   0.036   0.016   0.186   0.119   0.200
  19.680    0.735    0.039   0.039   0.036   0.036   0.035   0.024   0.197   0.123   0.207
  19.700    0.762    0.037   0.037   0.035   0.035   0.034   0.032   0.210   0.128   0.216
  19.720    0.797    0.035   0.034   0.033   0.033   0.033   0.044   0.226   0.133   0.227
  19.740    0.837    0.032   0.032   0.032   0.031   0.032   0.057   0.242   0.139   0.242
  19.760    0.871    0.029   0.029   0.030   0.031   0.031   0.073   0.257   0.139   0.253
  19.780    0.902    0.027   0.026   0.029   0.029   0.029   0.091   0.273   0.138   0.262
  19.800    0.941    0.025   0.024   0.029   0.028   0.028   0.111   0.284   0.137   0.274
  19.820    0.971    0.024   0.024   0.028   0.028   0.027   0.132   0.296   0.137   0.277
  19.840    0.992    0.023   0.023   0.028   0.028   0.028   0.152   0.294   0.135   0.278
  19.860    1.010    0.024   0.024   0.028   0.028   0.027   0.171   0.293   0.136   0.274
  19.880    1.025    0.026   0.025   0.029   0.029   0.030   0.189   0.287   0.142   0.270
  19.900    1.031    0.028   0.028   0.030   0.030   0.030   0.202   0.274   0.149   0.259
  19.920    1.034    0.030   0.030   0.032   0.032   0.032   0.209   0.258   0.162   0.249
  19.940    1.029    0.033   0.033   0.034   0.033   0.034   0.213   0.239   0.182   0.230
  19.960    1.024    0.036   0.036   0.036   0.035   0.035   0.214   0.218   0.202   0.214
  19.980    1.019    0.039   0.039   0.038   0.037   0.037   0.206   0.194   0.233   0.195
  20.000    1.010    0.042   0.042   0.038   0.038   0.038   0.195   0.176   0.263   0.179
  20.020    0.999    0.043   0.044   0.040   0.040   0.039   0.182   0.154   0.297   0.163
  20.040    0.988    0.045   0.045   0.040   0.040   0.041   0.163   0.139   0.330   0.148
  20.060    0.976    0.045   0.045   0.040   0.041   0.041   0.143   0.125   0.358   0.139
  20.080    0.962    0.043   0.044   0.041   0.041   0.040   0.123   0.116   0.384   0.127
  20.100    0.948    0.042   0.043   0.040   0.041   0.040   0.102   0.113   0.408   0.121
  20.120    0.929    0.040   0.040   0.041   0.040   0.041   0.083   0.108   0.421   0.113
  20.140    0.913    0.038   0.038   0.040   0.040   0.040   0.066   0.107   0.430   0.113
  20.160    0.891    0.037   0.037   0.040   0.040   0.040   0.051   0.108   0.429   0.109
  20.180    0.871    0.036   0.035   0.041   0.041   0.040   0.039   0.109   0.421   0.110
  20.200    0.848    0.036   0.035   0.042   0.042   0.042   0.028   0.111   0.404   0.109
  20.220    0.826    0.037   0.036   0.044   0.044   0.044   0.020   0.113   0.383   0.108
  20.240    0.806    0.039   0.039   0.046   0.046   0.047   0.014   0.111   0.355   0.108
  20.260    0.787    0.044   0.043   0.050   0.049   0.049   0.010   0.111   0.322   0.107
  20.280    0.775    0.048   0.047   0.053   0.054   0.054   0.007   0.108   0.299   0.105
  20.300    0.766    0.055   0.055   0.058   0.058   0.058   0.004   0.107   0.270   0.104
  20.320    0.764    0.062   0.063   0.063   0.063   0.063   0.003   0.102   0.244   0.102
  20.340    0.765    0.069   0.069   0.068   0.068   0.069   0.003   0.097   0.226   0.098
  20.360    0.775    0.077   0.077   0.072   0.073   0.073   0.003   0.095   0.208   0.096
  20.380    0.788    0.083   0.084   0.077   0.076   0.077   0.004   0.091   0.202   0.095
  20.400    0.799    0.088   0.088   0.079   0.080   0.079   0.005   0.091   0.191   0.095
  20.420    0.815    0.092   0.092   0.082   0.081   0.081   0.008   0.088   0.194   0.094
  20.440    0.832    0.093   0.094   0.082   0.082   0.082   0.012   0.093   0.198   0.097
  20.460    0.842    0.091   0.093   0.081   0.082   0.081   0.016   0.097   0.200   0.098
  20.480    0.856    0.089   0.090   0.080   0.080   0.080   0.024   0.101   0.206   0.106
