 Substance:BTO_500K       2023/01/04 17:27:35                     
 Input files: ./data/BTO500c_n0001.dat to ./data/BTO500c_n0001.dat step           1
 Supercell size:          50
 Integration Monte Carlo     100000000 cell pairs
 Atoms/unit_cell:           5
 Atoms  :    Ba      Ti      O1      O2      O3  
 Atom no.        1       2       3       4       5
 Occup's:   1.0000  1.0000  1.0000  1.0000  1.0000
 at_weights:   5.0700 -3.4380  5.8030  5.8030  5.8030
 Masks	:        1       1       1       1       1

 Atom pair partials:
                       1       2       3       4       5       1       1       2       3
                       1       2       3       4       5       2       3       3       4
   r(A^)   PDF_tot   PDF partials (cf. above)
   0.020    0.000    0.000   0.000   0.000   0.000   0.000  -0.000   0.000  -0.000   0.000
   0.040    0.000    0.000   0.000   0.000   0.000   0.000  -0.000   0.000  -0.000   0.000
   0.060    0.000    0.000   0.000   0.000   0.000   0.000  -0.000   0.000  -0.000   0.000
   0.080    0.000    0.000   0.000   0.000   0.000   0.000  -0.000   0.000  -0.000   0.000
   0.100    0.000    0.000   0.000   0.000   0.000   0.000  -0.000   0.000  -0.000   0.000
   0.120    0.000    0.000   0.000   0.000   0.000   0.000  -0.000   0.000  -0.000   0.000
   0.140    0.000    0.000   0.000   0.000   0.000   0.000  -0.000   0.000  -0.000   0.000
   0.160    0.000    0.000   0.000   0.000   0.000   0.000  -0.000   0.000  -0.000   0.000
   0.180    0.000    0.000   0.000   0.000   0.000   0.000  -0.000   0.000  -0.000   0.000
   0.200    0.000    0.000   0.000   0.000   0.000   0.000  -0.000   0.000  -0.000   0.000
   0.220    0.000    0.000   0.000   0.000   0.000   0.000  -0.000   0.000  -0.000   0.000
   0.240    0.000    0.000   0.000   0.000   0.000   0.000  -0.000   0.000  -0.000   0.000
   0.260    0.000    0.000   0.000   0.000   0.000   0.000  -0.000   0.000  -0.000   0.000
   0.280    0.000    0.000   0.000   0.000   0.000   0.000  -0.000   0.000  -0.000   0.000
   0.300    0.000    0.000   0.000   0.000   0.000   0.000  -0.000   0.000  -0.000   0.000
   0.320    0.000    0.000   0.000   0.000   0.000   0.000  -0.000   0.000  -0.000   0.000
   0.340    0.000    0.000   0.000   0.000   0.000   0.000  -0.000   0.000  -0.000   0.000
   0.360    0.000    0.000   0.000   0.000   0.000   0.000  -0.000   0.000  -0.000   0.000
   0.380    0.000    0.000   0.000   0.000   0.000   0.000  -0.000   0.000  -0.000   0.000
   0.400    0.000    0.000   0.000   0.000   0.000   0.000  -0.000   0.000  -0.000   0.000
   0.420    0.000    0.000   0.000   0.000   0.000   0.000  -0.000   0.000  -0.000   0.000
   0.440    0.000    0.000   0.000   0.000   0.000   0.000  -0.000   0.000  -0.000   0.000
   0.460    0.000    0.000   0.000   0.000   0.000   0.000  -0.000   0.000  -0.000   0.000
   0.480    0.000    0.000   0.000   0.000   0.000   0.000  -0.000   0.000  -0.000   0.000
   0.500    0.000    0.000   0.000   0.000   0.000   0.000  -0.000   0.000  -0.000   0.000
   0.520    0.000    0.000   0.000   0.000   0.000   0.000  -0.000   0.000  -0.000   0.000
   0.540    0.000    0.000   0.000   0.000   0.000   0.000  -0.000   0.000  -0.000   0.000
   0.560    0.000    0.000   0.000   0.000   0.000   0.000  -0.000   0.000  -0.000   0.000
   0.580    0.000    0.000   0.000   0.000   0.000   0.000  -0.000   0.000  -0.000   0.000
   0.600    0.000    0.000   0.000   0.000   0.000   0.000  -0.000   0.000  -0.000   0.000
   0.620    0.000    0.000   0.000   0.000   0.000   0.000  -0.000   0.000  -0.000   0.000
   0.640    0.000    0.000   0.000   0.000   0.000   0.000  -0.000   0.000  -0.000   0.000
   0.660    0.000    0.000   0.000   0.000   0.000   0.000  -0.000   0.000  -0.000   0.000
   0.680    0.000    0.000   0.000   0.000   0.000   0.000  -0.000   0.000  -0.000   0.000
   0.700    0.000    0.000   0.000   0.000   0.000   0.000  -0.000   0.000  -0.000   0.000
   0.720    0.000    0.000   0.000   0.000   0.000   0.000  -0.000   0.000  -0.000   0.000
   0.740    0.000    0.000   0.000   0.000   0.000   0.000  -0.000   0.000  -0.000   0.000
   0.760    0.000    0.000   0.000   0.000   0.000   0.000  -0.000   0.000  -0.000   0.000
   0.780    0.000    0.000   0.000   0.000   0.000   0.000  -0.000   0.000  -0.000   0.000
   0.800    0.000    0.000   0.000   0.000   0.000   0.000  -0.000   0.000  -0.000   0.000
   0.820    0.000    0.000   0.000   0.000   0.000   0.000  -0.000   0.000  -0.000   0.000
   0.840    0.000    0.000   0.000   0.000   0.000   0.000  -0.000   0.000  -0.000   0.000
   0.860    0.000    0.000   0.000   0.000   0.000   0.000  -0.000   0.000  -0.000   0.000
   0.880    0.000    0.000   0.000   0.000   0.000   0.000  -0.000   0.000  -0.000   0.000
   0.900    0.000    0.000   0.000   0.000   0.000   0.000  -0.000   0.000  -0.000   0.000
   0.920    0.000    0.000   0.000   0.000   0.000   0.000  -0.000   0.000  -0.000   0.000
   0.940    0.000    0.000   0.000   0.000   0.000   0.000  -0.000   0.000  -0.000   0.000
   0.960    0.000    0.000   0.000   0.000   0.000   0.000  -0.000   0.000  -0.000   0.000
   0.980    0.000    0.000   0.000   0.000   0.000   0.000  -0.000   0.000  -0.000   0.000
   1.000    0.000    0.000   0.000   0.000   0.000   0.000  -0.000   0.000  -0.000   0.000
   1.020    0.000    0.000   0.000   0.000   0.000   0.000  -0.000   0.000  -0.000   0.000
   1.040    0.000    0.000   0.000   0.000   0.000   0.000  -0.000   0.000  -0.000   0.000
   1.060    0.000    0.000   0.000   0.000   0.000   0.000  -0.000   0.000  -0.000   0.000
   1.080    0.000    0.000   0.000   0.000   0.000   0.000  -0.000   0.000  -0.000   0.000
   1.100    0.000    0.000   0.000   0.000   0.000   0.000  -0.000   0.000  -0.000   0.000
   1.120    0.000    0.000   0.000   0.000   0.000   0.000  -0.000   0.000  -0.000   0.000
   1.140    0.000    0.000   0.000   0.000   0.000   0.000  -0.000   0.000  -0.000   0.000
   1.160    0.000    0.000   0.000   0.000   0.000   0.000  -0.000   0.000  -0.000   0.000
   1.180    0.000    0.000   0.000   0.000   0.000   0.000  -0.000   0.000  -0.000   0.000
   1.200    0.000    0.000   0.000   0.000   0.000   0.000  -0.000   0.000  -0.000   0.000
   1.220    0.000    0.000   0.000   0.000   0.000   0.000  -0.000   0.000  -0.000   0.000
   1.240    0.000    0.000   0.000   0.000   0.000   0.000  -0.000   0.000  -0.000   0.000
   1.260    0.000    0.000   0.000   0.000   0.000   0.000  -0.000   0.000  -0.000   0.000
   1.280    0.000    0.000   0.000   0.000   0.000   0.000  -0.000   0.000  -0.000   0.000
   1.300    0.000    0.000   0.000   0.000   0.000   0.000  -0.000   0.000  -0.000   0.000
   1.320    0.000    0.000   0.000   0.000   0.000   0.000  -0.000   0.000  -0.000   0.000
   1.340    0.000    0.000   0.000   0.000   0.000   0.000  -0.000   0.000  -0.000   0.000
   1.360    0.000    0.000   0.000   0.000   0.000   0.000  -0.000   0.000  -0.000   0.000
   1.380    0.000    0.000   0.000   0.000   0.000   0.000  -0.000   0.000  -0.000   0.000
   1.400    0.000    0.000   0.000   0.000   0.000   0.000  -0.000   0.000  -0.000   0.000
   1.420    0.000    0.000   0.000   0.000   0.000   0.000  -0.000   0.000  -0.000   0.000
   1.440    0.000    0.000   0.000   0.000   0.000   0.000  -0.000   0.000  -0.000   0.000
   1.460    0.000    0.000   0.000   0.000   0.000   0.000  -0.000   0.000  -0.000   0.000
   1.480    0.000    0.000   0.000   0.000   0.000   0.000  -0.000   0.000  -0.000   0.000
   1.500    0.000    0.000   0.000   0.000   0.000   0.000  -0.000   0.000  -0.000   0.000
   1.520    0.000    0.000   0.000   0.000   0.000   0.000  -0.000   0.000  -0.000   0.000
   1.540    0.000    0.000   0.000   0.000   0.000   0.000  -0.000   0.000  -0.000   0.000
   1.560    0.000    0.000   0.000   0.000   0.000   0.000  -0.000   0.000  -0.000   0.000
   1.580   -0.000    0.000   0.000   0.000   0.000   0.000  -0.000   0.000  -0.000   0.000
   1.600   -0.000    0.000   0.000   0.000   0.000   0.000  -0.000   0.000  -0.000   0.000
   1.620   -0.001    0.000   0.000   0.000   0.000   0.000  -0.000   0.000  -0.000   0.000
   1.640   -0.004    0.000   0.000   0.000   0.000   0.000  -0.000   0.000  -0.003   0.000
   1.660   -0.005    0.000   0.000   0.000   0.000   0.000  -0.000   0.000  -0.005   0.000
   1.680   -0.014    0.000   0.000   0.000   0.000   0.000  -0.000   0.000  -0.013   0.000
   1.700   -0.034    0.000   0.000   0.000   0.000   0.000  -0.000   0.000  -0.036   0.000
   1.720   -0.068    0.000   0.000   0.000   0.000   0.000  -0.000   0.000  -0.072   0.000
   1.740   -0.129    0.000   0.000   0.000   0.000   0.000  -0.000   0.000  -0.146   0.000
   1.760   -0.220    0.000   0.000   0.000   0.000   0.000  -0.000   0.000  -0.229   0.000
   1.780   -0.347    0.000   0.000   0.000   0.000   0.000  -0.000   0.000  -0.357   0.000
   1.800   -0.500    0.000   0.000   0.000   0.000   0.000  -0.000   0.000  -0.504   0.000
   1.820   -0.673    0.000   0.000   0.000   0.000   0.000  -0.000   0.000  -0.699   0.000
   1.840   -0.832    0.000   0.000   0.000   0.000   0.000  -0.000   0.000  -0.864   0.000
   1.860   -0.979    0.000   0.000   0.000   0.000   0.000  -0.000   0.000  -1.029   0.000
   1.880   -1.080    0.000   0.000   0.000   0.000   0.000  -0.000   0.000  -1.101   0.000
   1.900   -1.163    0.000   0.000   0.000   0.000   0.000  -0.000   0.000  -1.180   0.000
   1.920   -1.156    0.000   0.000   0.000   0.000   0.000  -0.000   0.000  -1.188   0.000
   1.940   -1.197    0.000   0.000   0.000   0.000   0.000  -0.000   0.000  -1.232   0.000
   1.960   -1.139    0.000   0.000   0.000   0.000   0.000  -0.000   0.000  -1.188   0.000
   1.980   -1.120    0.000   0.000   0.000   0.000   0.000  -0.000   0.000  -1.186   0.000
   2.000   -1.069    0.000   0.000   0.000   0.000   0.000  -0.000   0.000  -1.110   0.000
   2.020   -1.022    0.000   0.000   0.000   0.000   0.000  -0.000   0.000  -1.033   0.000
   2.040   -0.972    0.000   0.000   0.000   0.000   0.000  -0.000   0.000  -1.020   0.000
   2.060   -0.926    0.000   0.000   0.000   0.000   0.000  -0.000   0.000  -0.936   0.000
   2.080   -0.841    0.000   0.000   0.000   0.000   0.000  -0.000   0.000  -0.873   0.000
   2.100   -0.795    0.000   0.000   0.000   0.000   0.000  -0.000   0.000  -0.825   0.000
   2.120   -0.725    0.000   0.000   0.000   0.000   0.000  -0.000   0.000  -0.740   0.000
   2.140   -0.656    0.000   0.000   0.000   0.000   0.000  -0.000   0.000  -0.678   0.000
   2.160   -0.550    0.000   0.000   0.000   0.000   0.000  -0.000   0.000  -0.578   0.000
   2.180   -0.483    0.000   0.000   0.000   0.000   0.000  -0.000   0.000  -0.483   0.000
   2.200   -0.404    0.000   0.000   0.000   0.000   0.000  -0.000   0.000  -0.400   0.000
   2.220   -0.325    0.000   0.000   0.000   0.000   0.000  -0.000   0.000  -0.330   0.000
   2.240   -0.266    0.000   0.000   0.000   0.000   0.000  -0.000   0.000  -0.262   0.000
   2.260   -0.205    0.000   0.000   0.000   0.000   0.000  -0.000   0.000  -0.206   0.000
   2.280   -0.157    0.000   0.000   0.000   0.000   0.000  -0.000   0.000  -0.167   0.000
   2.300   -0.116    0.000   0.000   0.000   0.000   0.000  -0.000   0.000  -0.116   0.000
   2.320   -0.085    0.000   0.000   0.000   0.000   0.000  -0.000   0.000  -0.093   0.000
   2.340   -0.063    0.000   0.000   0.000   0.000   0.000  -0.000   0.000  -0.065   0.000
   2.360   -0.039    0.000   0.000   0.000   0.000   0.000  -0.000   0.000  -0.041   0.000
   2.380   -0.029    0.000   0.000   0.000   0.000   0.000  -0.000   0.002  -0.032   0.002
   2.400   -0.014    0.000   0.000   0.000   0.000   0.000  -0.000   0.004  -0.020   0.002
   2.420   -0.001    0.000   0.000   0.000   0.000   0.000  -0.000   0.005  -0.013   0.006
   2.440    0.016    0.000   0.000   0.000   0.000   0.000  -0.000   0.014  -0.009   0.009
   2.460    0.034    0.000   0.000   0.000   0.000   0.000  -0.000   0.022  -0.004   0.016
   2.480    0.072    0.000   0.000   0.000   0.000   0.000  -0.000   0.038  -0.004   0.037
   2.500    0.130    0.000   0.000   0.000   0.000   0.000  -0.000   0.073  -0.003   0.064
   2.520    0.209    0.000   0.000   0.000   0.000   0.000  -0.000   0.111  -0.000   0.105
   2.540    0.320    0.000   0.000   0.000   0.000   0.000  -0.000   0.174  -0.001   0.172
   2.560    0.503    0.000   0.000   0.000   0.000   0.000  -0.000   0.248  -0.000   0.255
   2.580    0.745    0.000   0.000   0.000   0.000   0.000  -0.000   0.351  -0.000   0.378
   2.600    1.063    0.000   0.000   0.000   0.000   0.000  -0.000   0.512  -0.000   0.546
   2.620    1.468    0.000   0.000   0.000   0.000   0.000  -0.000   0.685  -0.000   0.763
   2.640    1.909    0.000   0.000   0.000   0.000   0.000  -0.000   0.936  -0.000   0.948
   2.660    2.462    0.000   0.000   0.000   0.000   0.000  -0.000   1.189  -0.000   1.279
   2.680    3.123    0.000   0.000   0.000   0.000   0.000  -0.000   1.440  -0.000   1.707
   2.700    3.682    0.000   0.000   0.000   0.000   0.000  -0.000   1.706  -0.000   1.976
   2.720    4.353    0.000   0.000   0.000   0.000   0.000  -0.000   1.979  -0.000   2.371
   2.740    4.943    0.000   0.000   0.000   0.000   0.000  -0.000   2.234  -0.000   2.640
   2.760    5.395    0.000   0.000   0.000   0.000   0.000  -0.000   2.485  -0.000   2.945
   2.780    5.784    0.000   0.000   0.000   0.000   0.000  -0.000   2.622  -0.000   3.147
   2.800    6.085    0.000   0.000   0.000   0.000   0.000  -0.000   2.711  -0.000   3.296
   2.820    6.213    0.000   0.000   0.000   0.000   0.000  -0.000   2.803  -0.000   3.399
   2.840    6.134    0.000   0.000   0.000   0.000   0.000  -0.000   2.771  -0.000   3.348
   2.860    5.949    0.000   0.000   0.000   0.000   0.000  -0.000   2.708  -0.000   3.184
   2.880    5.542    0.000   0.000   0.000   0.000   0.000  -0.000   2.515  -0.000   3.038
   2.900    5.092    0.000   0.000   0.000   0.000   0.000  -0.000   2.284  -0.000   2.793
   2.920    4.620    0.000   0.000   0.000   0.000   0.000  -0.000   2.093  -0.000   2.471
   2.940    4.028    0.000   0.000   0.000   0.000   0.000  -0.000   1.843  -0.000   2.180
   2.960    3.440    0.000   0.000   0.000   0.000   0.000  -0.000   1.596  -0.000   1.880
   2.980    2.863    0.000   0.000   0.000   0.000   0.000  -0.000   1.327  -0.000   1.545
   3.000    2.348    0.000   0.000   0.000   0.000   0.000  -0.000   1.053  -0.000   1.250
   3.020    1.867    0.000   0.000   0.000   0.000   0.000  -0.000   0.848  -0.000   1.019
   3.040    1.461    0.000   0.000   0.000   0.000   0.000  -0.000   0.673  -0.000   0.754
   3.060    1.118    0.000   0.000   0.000   0.000   0.000  -0.000   0.521  -0.000   0.597
   3.080    0.848    0.000   0.000   0.000   0.000   0.000  -0.000   0.410  -0.000   0.451
   3.100    0.618    0.000   0.000   0.000   0.000   0.000  -0.000   0.285  -0.000   0.324
   3.120    0.444    0.000   0.000   0.000   0.000   0.000  -0.001   0.200  -0.000   0.242
   3.140    0.307    0.000   0.000   0.000   0.000   0.000  -0.002   0.153  -0.000   0.160
   3.160    0.220    0.000   0.000   0.000   0.000   0.000  -0.006   0.108  -0.000   0.119
   3.180    0.132    0.000   0.000   0.000   0.000   0.000  -0.011   0.069  -0.000   0.074
   3.200    0.069    0.000   0.000   0.000   0.000   0.000  -0.023   0.046  -0.000   0.046
   3.220    0.025    0.000   0.000   0.000   0.000   0.000  -0.039   0.031  -0.000   0.034
   3.240   -0.032    0.000   0.000   0.000   0.000   0.000  -0.071   0.017  -0.000   0.018
   3.260   -0.091    0.000   0.000   0.000   0.000   0.000  -0.116   0.014  -0.001   0.016
   3.280   -0.163    0.000   0.000   0.000   0.000   0.000  -0.179   0.008  -0.000   0.008
   3.300   -0.258    0.000   0.000   0.000   0.000   0.000  -0.267   0.004  -0.001   0.004
   3.320   -0.366    0.000   0.000   0.000   0.000   0.000  -0.370   0.003  -0.002   0.002
   3.340   -0.486    0.000   0.000   0.000   0.000   0.000  -0.488   0.001  -0.003   0.001
   3.360   -0.621    0.000   0.000   0.000   0.000   0.000  -0.621   0.002  -0.004   0.001
   3.380   -0.744    0.000   0.000   0.000   0.000   0.000  -0.743   0.000  -0.006   0.000
   3.400   -0.867    0.000   0.000   0.000   0.000   0.000  -0.867   0.000  -0.006   0.000
   3.420   -0.977    0.000   0.000   0.000   0.000   0.000  -0.976   0.000  -0.007   0.000
   3.440   -1.039    0.000   0.000   0.000   0.000   0.000  -1.038   0.000  -0.008   0.000
   3.460   -1.070    0.000   0.000   0.000   0.000   0.001  -1.071   0.000  -0.006   0.000
   3.480   -1.041    0.000   0.000   0.001   0.001   0.000  -1.042   0.000  -0.007   0.000
   3.500   -1.004    0.000   0.000   0.001   0.001   0.001  -1.006   0.000  -0.005   0.000
   3.520   -0.918    0.000   0.000   0.001   0.001   0.001  -0.921   0.000  -0.006   0.000
   3.540   -0.802    0.000   0.000   0.002   0.002   0.002  -0.808   0.000  -0.004   0.000
   3.560   -0.686    0.000   0.000   0.003   0.003   0.003  -0.694   0.000  -0.004   0.000
   3.580   -0.556    0.000   0.000   0.005   0.005   0.006  -0.571   0.000  -0.002   0.000
   3.600   -0.437    0.001   0.000   0.007   0.007   0.008  -0.459   0.000  -0.003   0.000
   3.620   -0.320    0.001   0.000   0.011   0.010   0.011  -0.352   0.000  -0.002   0.000
   3.640   -0.212    0.003   0.000   0.016   0.016   0.016  -0.262   0.000  -0.002   0.000
   3.660   -0.125    0.005   0.000   0.023   0.022   0.021  -0.194   0.000  -0.002   0.000
   3.680   -0.039    0.008   0.000   0.026   0.029   0.031  -0.133   0.000  -0.001   0.000
   3.700    0.037    0.013   0.001   0.040   0.037   0.036  -0.090   0.000  -0.001   0.000
   3.720    0.107    0.018   0.002   0.051   0.049   0.050  -0.061   0.000  -0.000   0.000
   3.740    0.196    0.030   0.004   0.065   0.067   0.068  -0.037   0.000  -0.000   0.000
   3.760    0.291    0.049   0.006   0.088   0.085   0.087  -0.024   0.000  -0.000   0.000
   3.780    0.382    0.068   0.012   0.103   0.108   0.106  -0.013   0.000  -0.000   0.000
   3.800    0.506    0.092   0.021   0.134   0.135   0.131  -0.008   0.000  -0.000   0.000
   3.820    0.668    0.125   0.035   0.168   0.168   0.176  -0.004   0.000  -0.000   0.000
   3.840    0.850    0.169   0.051   0.212   0.205   0.216  -0.002   0.000  -0.000   0.000
   3.860    1.059    0.210   0.074   0.259   0.260   0.258  -0.001   0.000  -0.000   0.000
   3.880    1.300    0.254   0.102   0.313   0.324   0.308  -0.000   0.000  -0.000   0.000
   3.900    1.548    0.302   0.135   0.365   0.371   0.374  -0.000   0.000  -0.000   0.000
   3.920    1.808    0.349   0.168   0.431   0.432   0.428  -0.000   0.000  -0.000   0.000
   3.940    2.047    0.383   0.195   0.491   0.489   0.489  -0.000   0.000  -0.000   0.000
   3.960    2.229    0.421   0.230   0.526   0.529   0.524  -0.000   0.000  -0.000   0.000
   3.980    2.355    0.436   0.249   0.558   0.549   0.564  -0.000   0.000  -0.001   0.000
   4.000    2.397    0.451   0.260   0.572   0.564   0.554  -0.000   0.000  -0.003   0.000
   4.020    2.368    0.446   0.261   0.556   0.554   0.554  -0.000   0.000  -0.004   0.000
   4.040    2.245    0.429   0.241   0.529   0.525   0.527  -0.000   0.000  -0.005   0.000
   4.060    2.093    0.402   0.220   0.497   0.493   0.492  -0.000   0.000  -0.011   0.000
   4.080    1.892    0.372   0.187   0.447   0.451   0.453  -0.000   0.000  -0.018   0.000
   4.100    1.615    0.318   0.157   0.388   0.393   0.389  -0.000   0.000  -0.031   0.000
   4.120    1.372    0.272   0.123   0.344   0.336   0.340  -0.000   0.000  -0.044   0.000
   4.140    1.106    0.224   0.096   0.287   0.284   0.284  -0.000   0.000  -0.070   0.000
   4.160    0.882    0.192   0.069   0.238   0.243   0.239  -0.000   0.000  -0.100   0.001
   4.180    0.637    0.149   0.047   0.196   0.194   0.199  -0.000   0.000  -0.152   0.001
   4.200    0.409    0.112   0.032   0.159   0.161   0.161  -0.000   0.000  -0.215   0.001
   4.220    0.201    0.082   0.021   0.125   0.132   0.127  -0.000   0.000  -0.287   0.001
   4.240   -0.017    0.062   0.012   0.098   0.101   0.100  -0.000   0.000  -0.401   0.001
   4.260   -0.209    0.045   0.008   0.080   0.075   0.078  -0.000   0.000  -0.496   0.002
   4.280   -0.420    0.029   0.005   0.062   0.060   0.060  -0.000   0.000  -0.631   0.002
   4.300   -0.645    0.019   0.002   0.042   0.044   0.047  -0.000   0.000  -0.800   0.003
   4.320   -0.844    0.013   0.001   0.031   0.035   0.034  -0.000   0.000  -0.960   0.004
   4.340   -1.063    0.008   0.001   0.026   0.025   0.025  -0.000   0.000  -1.152   0.004
   4.360   -1.247    0.005   0.000   0.019   0.018   0.019  -0.000   0.000  -1.322   0.007
   4.380   -1.435    0.003   0.000   0.013   0.013   0.014  -0.000   0.000  -1.486   0.007
   4.400   -1.599    0.002   0.000   0.010   0.009   0.009  -0.000   0.000  -1.627   0.010
   4.420   -1.732    0.001   0.000   0.006   0.006   0.006  -0.000   0.000  -1.744   0.013
   4.440   -1.819    0.001   0.000   0.005   0.004   0.004  -0.000   0.002  -1.850   0.019
   4.460   -1.881    0.000   0.000   0.002   0.003   0.002  -0.000   0.004  -1.909   0.022
   4.480   -1.895    0.000   0.000   0.002   0.002   0.002  -0.000   0.005  -1.921   0.030
   4.500   -1.846    0.000   0.000   0.001   0.001   0.001  -0.000   0.010  -1.898   0.049
   4.520   -1.738    0.000   0.000   0.001   0.001   0.001  -0.000   0.017  -1.829   0.069
   4.540   -1.606    0.000   0.000   0.000   0.001   0.000  -0.000   0.026  -1.723   0.092
   4.560   -1.412    0.000   0.000   0.000   0.000   0.000  -0.000   0.052  -1.565   0.134
   4.580   -1.169    0.000   0.000   0.000   0.000   0.000  -0.000   0.075  -1.432   0.181
   4.600   -0.902    0.000   0.000   0.000   0.000   0.000  -0.000   0.118  -1.267   0.245
   4.620   -0.588    0.000   0.000   0.000   0.000   0.000  -0.000   0.172  -1.088   0.326
   4.640   -0.230    0.000   0.000   0.000   0.000   0.000  -0.000   0.249  -0.905   0.438
   4.660    0.148    0.000   0.000   0.000   0.000   0.000  -0.000   0.345  -0.758   0.578
   4.680    0.579    0.000   0.000   0.000   0.000   0.000  -0.000   0.480  -0.601   0.701
   4.700    1.052    0.000   0.000   0.000   0.000   0.000  -0.000   0.646  -0.490   0.889
   4.720    1.523    0.000   0.000   0.000   0.000   0.000  -0.000   0.837  -0.380   1.043
   4.740    2.026    0.000   0.000   0.000   0.000   0.000  -0.000   1.053  -0.284   1.245
   4.760    2.568    0.000   0.000   0.000   0.000   0.000  -0.000   1.304  -0.214   1.479
   4.780    3.054    0.000   0.000   0.000   0.000   0.000  -0.000   1.536  -0.149   1.696
   4.800    3.528    0.000   0.000   0.000   0.000   0.000  -0.000   1.768  -0.108   1.884
   4.820    3.963    0.000   0.000   0.000   0.000   0.000  -0.000   2.007  -0.073   2.051
   4.840    4.363    0.000   0.000   0.000   0.000   0.000  -0.000   2.195  -0.048   2.242
   4.860    4.671    0.000   0.000   0.000   0.000   0.000  -0.000   2.352  -0.035   2.367
   4.880    4.863    0.000   0.000   0.000   0.000   0.000  -0.000   2.466  -0.020   2.432
   4.900    4.943    0.000   0.000   0.000   0.000   0.000  -0.000   2.504  -0.015   2.462
   4.920    4.925    0.000   0.000   0.000   0.000   0.000  -0.000   2.483  -0.008   2.483
   4.940    4.774    0.000   0.000   0.000   0.000   0.000  -0.000   2.409  -0.006   2.398
   4.960    4.549    0.000   0.000   0.000   0.000   0.000  -0.000   2.268  -0.002   2.314
   4.980    4.197    0.000   0.000   0.000   0.000   0.000  -0.000   2.075  -0.003   2.161
   5.000    3.834    0.000   0.000   0.000   0.000   0.000  -0.000   1.870  -0.001   1.994
   5.020    3.409    0.000   0.000   0.000   0.000   0.000  -0.000   1.632  -0.000   1.766
   5.040    2.986    0.000   0.000   0.000   0.000   0.000  -0.000   1.398  -0.001   1.602
   5.060    2.553    0.000   0.000   0.000   0.000   0.000  -0.000   1.163  -0.000   1.387
   5.080    2.130    0.000   0.000   0.000   0.000   0.000  -0.000   0.956  -0.000   1.168
   5.100    1.760    0.000   0.000   0.000   0.000   0.000  -0.000   0.774  -0.000   0.978
   5.120    1.418    0.000   0.000   0.000   0.000   0.000  -0.000   0.603  -0.000   0.815
   5.140    1.114    0.000   0.000   0.000   0.000   0.000  -0.000   0.470  -0.000   0.641
   5.160    0.856    0.000   0.000   0.000   0.001   0.001  -0.000   0.348  -0.000   0.510
   5.180    0.645    0.000   0.000   0.001   0.001   0.001  -0.000   0.250  -0.000   0.397
   5.200    0.488    0.000   0.000   0.001   0.001   0.001  -0.000   0.180  -0.000   0.296
   5.220    0.359    0.000   0.000   0.002   0.002   0.002  -0.000   0.126  -0.000   0.221
   5.240    0.254    0.001   0.000   0.003   0.003   0.004  -0.000   0.088  -0.000   0.158
   5.260    0.193    0.001   0.000   0.005   0.005   0.006  -0.000   0.058  -0.000   0.118
   5.280    0.147    0.002   0.000   0.009   0.009   0.008  -0.000   0.036  -0.000   0.079
   5.300    0.124    0.003   0.001   0.012   0.013   0.013  -0.000   0.025  -0.000   0.054
   5.320    0.120    0.006   0.002   0.020   0.019   0.020  -0.000   0.016  -0.000   0.037
   5.340    0.132    0.009   0.003   0.028   0.027   0.029  -0.000   0.009  -0.000   0.023
   5.360    0.166    0.015   0.005   0.041   0.042   0.043  -0.000   0.005  -0.000   0.015
   5.380    0.217    0.023   0.009   0.057   0.056   0.059  -0.000   0.003  -0.000   0.009
   5.400    0.282    0.035   0.014   0.075   0.076   0.074  -0.000   0.003  -0.000   0.007
   5.420    0.369    0.050   0.020   0.096   0.098   0.100  -0.000   0.001  -0.000   0.005
   5.440    0.483    0.069   0.030   0.127   0.127   0.127  -0.000   0.001  -0.000   0.003
   5.460    0.620    0.094   0.041   0.159   0.160   0.164  -0.000   0.000  -0.000   0.002
   5.480    0.767    0.122   0.055   0.199   0.196   0.194  -0.000   0.000  -0.000   0.001
   5.500    0.934    0.159   0.072   0.231   0.233   0.236  -0.000   0.000  -0.001   0.001
   5.520    1.125    0.201   0.089   0.282   0.280   0.273  -0.000   0.000  -0.001   0.000
   5.540    1.307    0.244   0.111   0.317   0.319   0.318  -0.000   0.000  -0.001   0.000
   5.560    1.491    0.280   0.131   0.358   0.365   0.360  -0.000   0.000  -0.002   0.000
   5.580    1.668    0.329   0.151   0.399   0.401   0.395  -0.000   0.000  -0.004   0.000
   5.600    1.810    0.363   0.170   0.423   0.431   0.432  -0.000   0.000  -0.006   0.000
   5.620    1.927    0.391   0.187   0.455   0.457   0.452  -0.000   0.000  -0.012   0.000
   5.640    2.011    0.416   0.194   0.472   0.471   0.480  -0.000   0.000  -0.020   0.000
   5.660    2.043    0.428   0.201   0.486   0.483   0.477  -0.000   0.000  -0.031   0.000
   5.680    2.010    0.423   0.202   0.480   0.476   0.481  -0.000   0.000  -0.050   0.000
   5.700    1.921    0.406   0.194   0.463   0.470   0.466  -0.000   0.000  -0.077   0.000
   5.720    1.785    0.382   0.182   0.447   0.443   0.445  -0.000   0.000  -0.108   0.000
   5.740    1.604    0.353   0.166   0.419   0.412   0.416  -0.000   0.000  -0.163   0.000
   5.760    1.376    0.315   0.147   0.379   0.377   0.376  -0.000   0.000  -0.220   0.000
   5.780    1.126    0.270   0.127   0.342   0.344   0.338  -0.000   0.000  -0.292   0.001
   5.800    0.858    0.226   0.108   0.300   0.302   0.298  -0.000   0.001  -0.380   0.002
   5.820    0.582    0.194   0.086   0.260   0.262   0.260  -0.000   0.001  -0.484   0.002
   5.840    0.282    0.151   0.066   0.221   0.216   0.221  -0.000   0.002  -0.595   0.003
   5.860   -0.004    0.116   0.051   0.179   0.177   0.180  -0.000   0.003  -0.715   0.005
   5.880   -0.252    0.090   0.039   0.147   0.148   0.150  -0.000   0.006  -0.835   0.008
   5.900   -0.497    0.065   0.027   0.116   0.115   0.117  -0.000   0.008  -0.952   0.011
   5.920   -0.700    0.047   0.019   0.093   0.091   0.090  -0.000   0.013  -1.057   0.017
   5.940   -0.858    0.032   0.013   0.069   0.069   0.071  -0.000   0.020  -1.148   0.024
   5.960   -0.984    0.023   0.008   0.051   0.052   0.051  -0.000   0.030  -1.226   0.036
   5.980   -1.049    0.014   0.005   0.039   0.037   0.039  -0.000   0.046  -1.275   0.051
   6.000   -1.058    0.009   0.003   0.028   0.029   0.028  -0.000   0.064  -1.288   0.072
   6.020   -1.021    0.005   0.002   0.020   0.020   0.021  -0.000   0.094  -1.268   0.104
   6.040   -0.936    0.003   0.001   0.014   0.014   0.013  -0.000   0.131  -1.249   0.147
   6.060   -0.784    0.002   0.001   0.009   0.010   0.009  -0.000   0.179  -1.194   0.197
   6.080   -0.593    0.001   0.000   0.007   0.006   0.007  -0.000   0.228  -1.108   0.267
   6.100   -0.353    0.001   0.000   0.004   0.004   0.005  -0.000   0.307  -1.030   0.350
   6.120   -0.068    0.000   0.000   0.003   0.003   0.003  -0.000   0.384  -0.908   0.458
   6.140    0.249    0.000   0.000   0.002   0.002   0.002  -0.000   0.476  -0.798   0.552
   6.160    0.584    0.000   0.000   0.001   0.001   0.001  -0.000   0.581  -0.695   0.688
   6.180    0.949    0.000   0.000   0.001   0.000   0.001  -0.000   0.688  -0.578   0.833
   6.200    1.328    0.000   0.000   0.000   0.000   0.000  -0.001   0.812  -0.473   0.977
   6.220    1.657    0.000   0.000   0.000   0.000   0.000  -0.001   0.931  -0.390   1.121
   6.240    1.993    0.000   0.000   0.000   0.000   0.000  -0.002   1.050  -0.300   1.244
   6.260    2.276    0.000   0.000   0.000   0.000   0.000  -0.004   1.140  -0.232   1.385
   6.280    2.515    0.000   0.000   0.000   0.000   0.000  -0.007   1.225  -0.177   1.484
   6.300    2.693    0.000   0.000   0.000   0.000   0.000  -0.011   1.265  -0.131   1.536
   6.320    2.788    0.000   0.000   0.000   0.000   0.000  -0.018   1.313  -0.093   1.576
   6.340    2.817    0.000   0.000   0.000   0.000   0.000  -0.029   1.304  -0.070   1.578
   6.360    2.781    0.000   0.000   0.000   0.000   0.000  -0.043   1.303  -0.047   1.556
   6.380    2.661    0.000   0.000   0.000   0.000   0.000  -0.066   1.254  -0.033   1.498
   6.400    2.494    0.000   0.000   0.000   0.000   0.000  -0.097   1.172  -0.022   1.427
   6.420    2.259    0.000   0.000   0.000   0.000   0.000  -0.134   1.092  -0.013   1.302
   6.440    1.993    0.000   0.000   0.000   0.000   0.000  -0.186   0.998  -0.010   1.181
   6.460    1.693    0.000   0.000   0.001   0.000   0.000  -0.242   0.886  -0.006   1.049
   6.480    1.357    0.000   0.000   0.001   0.001   0.001  -0.316   0.767  -0.005   0.905
   6.500    1.020    0.000   0.000   0.002   0.002   0.001  -0.397   0.647  -0.004   0.755
   6.520    0.714    0.000   0.000   0.003   0.002   0.002  -0.475   0.546  -0.003   0.640
   6.540    0.410    0.000   0.000   0.003   0.003   0.004  -0.565   0.444  -0.003   0.520
   6.560    0.148    0.001   0.000   0.005   0.005   0.005  -0.644   0.353  -0.004   0.417
   6.580   -0.087    0.001   0.000   0.008   0.008   0.008  -0.713   0.276  -0.003   0.314
   6.600   -0.276    0.002   0.001   0.011   0.012   0.011  -0.772   0.207  -0.004   0.250
   6.620   -0.418    0.004   0.001   0.015   0.015   0.016  -0.813   0.160  -0.004   0.183
   6.640   -0.504    0.006   0.002   0.020   0.020   0.021  -0.827   0.118  -0.004   0.141
   6.660   -0.536    0.010   0.003   0.029   0.028   0.028  -0.818   0.087  -0.004   0.102
   6.680   -0.538    0.014   0.006   0.037   0.037   0.036  -0.796   0.058  -0.003   0.067
   6.700   -0.484    0.021   0.009   0.049   0.047   0.046  -0.742   0.042  -0.004   0.045
   6.720   -0.395    0.031   0.013   0.060   0.059   0.061  -0.680   0.028  -0.004   0.033
   6.740   -0.286    0.042   0.019   0.075   0.072   0.074  -0.608   0.018  -0.003   0.024
   6.760   -0.155    0.057   0.025   0.090   0.088   0.088  -0.528   0.012  -0.003   0.016
   6.780    0.005    0.073   0.033   0.108   0.108   0.107  -0.438   0.007  -0.003   0.009
   6.800    0.150    0.092   0.041   0.124   0.123   0.126  -0.364   0.005  -0.004   0.006
   6.820    0.297    0.110   0.051   0.140   0.144   0.139  -0.289   0.003  -0.006   0.004
   6.840    0.436    0.128   0.060   0.158   0.159   0.156  -0.222   0.002  -0.008   0.002
   6.860    0.558    0.148   0.070   0.174   0.173   0.174  -0.172   0.001  -0.013   0.001
   6.880    0.662    0.167   0.077   0.184   0.188   0.189  -0.127   0.001  -0.019   0.001
   6.900    0.722    0.178   0.082   0.193   0.192   0.193  -0.089   0.000  -0.028   0.000
   6.920    0.773    0.185   0.086   0.202   0.201   0.201  -0.061   0.000  -0.043   0.001
   6.940    0.786    0.189   0.088   0.202   0.207   0.204  -0.043   0.000  -0.063   0.001
   6.960    0.765    0.182   0.086   0.204   0.203   0.202  -0.028   0.000  -0.086   0.001
   6.980    0.715    0.177   0.083   0.194   0.199   0.196  -0.017   0.001  -0.123   0.002
   7.000    0.633    0.164   0.078   0.186   0.185   0.186  -0.010   0.002  -0.165   0.004
   7.020    0.534    0.150   0.069   0.175   0.172   0.172  -0.007   0.003  -0.215   0.006
   7.040    0.420    0.131   0.061   0.160   0.160   0.162  -0.004   0.005  -0.268   0.009
   7.060    0.284    0.111   0.052   0.144   0.142   0.143  -0.002   0.008  -0.344   0.017
   7.080    0.153    0.094   0.044   0.125   0.124   0.127  -0.001   0.013  -0.409   0.025
   7.100    0.032    0.076   0.034   0.112   0.109   0.109  -0.001   0.023  -0.476   0.039
   7.120   -0.092    0.058   0.026   0.091   0.090   0.092  -0.000   0.037  -0.560   0.058
   7.140   -0.177    0.046   0.020   0.074   0.078   0.075  -0.000   0.051  -0.615   0.082
   7.160   -0.225    0.035   0.015   0.062   0.062   0.063  -0.000   0.076  -0.677   0.117
   7.180   -0.247    0.025   0.010   0.049   0.049   0.048  -0.000   0.110  -0.721   0.171
   7.200   -0.205    0.017   0.007   0.039   0.038   0.039  -0.000   0.161  -0.748   0.227
   7.220   -0.108    0.012   0.005   0.029   0.030   0.030  -0.000   0.218  -0.756   0.305
   7.240    0.030    0.008   0.003   0.023   0.023   0.022  -0.000   0.289  -0.765   0.398
   7.260    0.242    0.005   0.002   0.016   0.017   0.016  -0.000   0.388  -0.732   0.510
   7.280    0.523    0.004   0.001   0.012   0.012   0.012  -0.000   0.515  -0.691   0.644
   7.300    0.839    0.002   0.001   0.008   0.008   0.008  -0.000   0.643  -0.642   0.797
   7.320    1.213    0.001   0.000   0.006   0.006   0.006  -0.000   0.796  -0.572   0.957
   7.340    1.605    0.001   0.000   0.004   0.004   0.004  -0.000   0.960  -0.514   1.133
   7.360    2.013    0.000   0.000   0.002   0.002   0.002  -0.000   1.131  -0.442   1.300
   7.380    2.439    0.000   0.000   0.002   0.002   0.002  -0.000   1.320  -0.370   1.482
   7.400    2.861    0.000   0.000   0.001   0.001   0.001  -0.000   1.485  -0.304   1.653
   7.420    3.218    0.000   0.000   0.001   0.001   0.001  -0.000   1.639  -0.245   1.813
   7.440    3.524    0.000   0.000   0.000   0.001   0.000  -0.000   1.757  -0.196   1.924
   7.460    3.754    0.000   0.000   0.000   0.000   0.000  -0.000   1.863  -0.148   2.003
   7.480    3.896    0.000   0.000   0.000   0.000   0.000  -0.000   1.907  -0.109   2.067
   7.500    3.966    0.000   0.000   0.000   0.000   0.000  -0.000   1.936  -0.082   2.073
   7.520    3.945    0.000   0.000   0.000   0.000   0.000  -0.000   1.913  -0.057   2.060
   7.540    3.829    0.000   0.000   0.001   0.001   0.001  -0.000   1.851  -0.040   2.003
   7.560    3.618    0.000   0.000   0.001   0.001   0.001  -0.000   1.729  -0.026   1.876
   7.580    3.378    0.000   0.000   0.001   0.001   0.001  -0.000   1.615  -0.020   1.759
   7.600    3.066    0.000   0.000   0.002   0.001   0.002  -0.000   1.446  -0.012   1.594
   7.620    2.727    0.001   0.000   0.002   0.002   0.002  -0.000   1.282  -0.007   1.444
   7.640    2.373    0.001   0.000   0.003   0.003   0.003  -0.000   1.092  -0.005   1.262
   7.660    2.029    0.002   0.000   0.004   0.005   0.005  -0.000   0.930  -0.003   1.086
   7.680    1.711    0.003   0.001   0.006   0.007   0.007  -0.000   0.766  -0.002   0.931
   7.700    1.412    0.004   0.001   0.008   0.009   0.009  -0.000   0.626  -0.001   0.764
   7.720    1.151    0.006   0.002   0.012   0.011   0.012  -0.000   0.494  -0.001   0.617
   7.740    0.926    0.009   0.002   0.015   0.016   0.015  -0.000   0.381  -0.001   0.491
   7.760    0.745    0.012   0.004   0.020   0.020   0.021  -0.000   0.288  -0.001   0.385
   7.780    0.602    0.017   0.005   0.026   0.027   0.026  -0.000   0.213  -0.002   0.292
   7.800    0.500    0.022   0.007   0.033   0.033   0.033  -0.000   0.151  -0.003   0.223
   7.820    0.431    0.030   0.011   0.041   0.042   0.042  -0.000   0.109  -0.004   0.164
   7.840    0.391    0.038   0.014   0.051   0.051   0.050  -0.000   0.077  -0.007   0.115
   7.860    0.373    0.046   0.019   0.061   0.061   0.062  -0.000   0.052  -0.011   0.083
   7.880    0.374    0.055   0.024   0.073   0.073   0.075  -0.000   0.032  -0.017   0.060
   7.900    0.387    0.067   0.030   0.085   0.085   0.085  -0.000   0.022  -0.026   0.040
   7.920    0.402    0.074   0.035   0.096   0.097   0.097  -0.000   0.014  -0.039   0.028
   7.940    0.413    0.084   0.040   0.105   0.107   0.105  -0.000   0.010  -0.057   0.018
   7.960    0.417    0.093   0.046   0.114   0.114   0.114  -0.000   0.005  -0.082   0.012
   7.980    0.407    0.097   0.050   0.121   0.121   0.120  -0.000   0.003  -0.114   0.009
   8.000    0.382    0.101   0.053   0.126   0.123   0.124  -0.000   0.002  -0.155   0.006
   8.020    0.331    0.101   0.054   0.126   0.124   0.124  -0.000   0.002  -0.207   0.008
   8.040    0.263    0.100   0.052   0.124   0.123   0.122  -0.000   0.003  -0.272   0.009
   8.060    0.170    0.095   0.050   0.117   0.117   0.119  -0.000   0.004  -0.344   0.013
   8.080    0.062    0.089   0.045   0.110   0.109   0.112  -0.000   0.006  -0.426   0.019
   8.100   -0.053    0.082   0.041   0.102   0.100   0.101  -0.000   0.010  -0.516   0.028
   8.120   -0.185    0.072   0.035   0.091   0.090   0.090  -0.000   0.014  -0.617   0.039
   8.140   -0.307    0.062   0.029   0.079   0.079   0.079  -0.000   0.022  -0.706   0.054
   8.160   -0.417    0.054   0.023   0.068   0.068   0.067  -0.000   0.036  -0.805   0.076
   8.180   -0.501    0.044   0.019   0.059   0.059   0.057  -0.000   0.056  -0.897   0.102
   8.200   -0.567    0.034   0.013   0.047   0.049   0.047  -0.000   0.079  -0.972   0.138
   8.220   -0.579    0.027   0.010   0.040   0.040   0.038  -0.000   0.114  -1.022   0.181
   8.240   -0.554    0.020   0.007   0.030   0.031   0.032  -0.000   0.157  -1.065   0.233
   8.260   -0.482    0.016   0.004   0.024   0.024   0.024  -0.000   0.210  -1.073   0.294
   8.280   -0.343    0.012   0.003   0.019   0.019   0.020  -0.000   0.282  -1.064   0.367
   8.300   -0.176    0.008   0.002   0.014   0.016   0.015  -0.001   0.355  -1.034   0.448
   8.320    0.042    0.006   0.001   0.011   0.011   0.012  -0.001   0.450  -0.978   0.544
   8.340    0.287    0.004   0.001   0.008   0.008   0.008  -0.002   0.546  -0.916   0.633
   8.360    0.569    0.003   0.000   0.006   0.006   0.006  -0.003   0.650  -0.829   0.728
   8.380    0.856    0.002   0.000   0.005   0.004   0.005  -0.006   0.764  -0.731   0.832
   8.400    1.148    0.001   0.000   0.003   0.003   0.003  -0.009   0.874  -0.638   0.920
   8.420    1.404    0.001   0.000   0.002   0.003   0.002  -0.014   0.963  -0.547   1.006
   8.440    1.641    0.000   0.000   0.002   0.002   0.002  -0.022   1.047  -0.452   1.086
   8.460    1.833    0.000   0.000   0.002   0.002   0.002  -0.034   1.099  -0.369   1.131
   8.480    1.969    0.000   0.000   0.002   0.002   0.002  -0.049   1.149  -0.295   1.169
   8.500    2.043    0.000   0.000   0.002   0.002   0.002  -0.068   1.153  -0.228   1.188
   8.520    2.054    0.001   0.000   0.003   0.003   0.004  -0.093   1.146  -0.175   1.159
   8.540    2.007    0.001   0.000   0.004   0.005   0.005  -0.124   1.107  -0.130   1.143
   8.560    1.908    0.002   0.001   0.007   0.007   0.006  -0.160   1.050  -0.095   1.097
   8.580    1.746    0.003   0.001   0.011   0.010   0.010  -0.202   0.969  -0.069   1.023
   8.600    1.570    0.004   0.002   0.015   0.015   0.014  -0.247   0.877  -0.049   0.942
   8.620    1.378    0.007   0.002   0.020   0.021   0.020  -0.289   0.778  -0.035   0.858
   8.640    1.158    0.011   0.004   0.028   0.028   0.028  -0.337   0.672  -0.023   0.750
   8.660    0.963    0.016   0.007   0.038   0.038   0.039  -0.377   0.562  -0.016   0.657
   8.680    0.792    0.024   0.009   0.052   0.051   0.053  -0.414   0.468  -0.010   0.560
   8.700    0.649    0.034   0.014   0.065   0.066   0.067  -0.438   0.387  -0.008   0.471
   8.720    0.551    0.047   0.020   0.085   0.086   0.086  -0.453   0.304  -0.007   0.389
   8.740    0.495    0.064   0.028   0.107   0.107   0.107  -0.457   0.231  -0.007   0.315
   8.760    0.485    0.085   0.037   0.133   0.131   0.132  -0.450   0.178  -0.008   0.252
   8.780    0.517    0.106   0.049   0.159   0.160   0.161  -0.431   0.133  -0.011   0.191
   8.800    0.594    0.134   0.061   0.190   0.190   0.189  -0.400   0.097  -0.016   0.150
   8.820    0.691    0.165   0.076   0.219   0.221   0.222  -0.365   0.069  -0.023   0.110
   8.840    0.817    0.194   0.090   0.252   0.250   0.254  -0.318   0.048  -0.034   0.083
   8.860    0.949    0.225   0.104   0.284   0.282   0.282  -0.275   0.033  -0.048   0.058
   8.880    1.069    0.255   0.119   0.310   0.305   0.310  -0.229   0.021  -0.068   0.044
   8.900    1.165    0.278   0.130   0.329   0.332   0.327  -0.186   0.015  -0.094   0.031
   8.920    1.246    0.302   0.140   0.346   0.347   0.349  -0.148   0.009  -0.127   0.024
   8.940    1.286    0.312   0.148   0.359   0.362   0.359  -0.114   0.007  -0.164   0.018
   8.960    1.275    0.316   0.150   0.364   0.364   0.362  -0.086   0.006  -0.214   0.016
   8.980    1.228    0.314   0.147   0.361   0.361   0.360  -0.062   0.007  -0.268   0.015
   9.000    1.139    0.304   0.143   0.352   0.351   0.348  -0.044   0.008  -0.335   0.016
   9.020    1.018    0.288   0.135   0.334   0.336   0.333  -0.030   0.011  -0.400   0.021
   9.040    0.860    0.264   0.122   0.314   0.312   0.316  -0.021   0.016  -0.478   0.028
   9.060    0.693    0.235   0.109   0.288   0.290   0.286  -0.013   0.025  -0.546   0.039
   9.080    0.515    0.206   0.095   0.258   0.257   0.256  -0.008   0.033  -0.611   0.054
   9.100    0.341    0.174   0.080   0.227   0.225   0.227  -0.005   0.050  -0.678   0.072
   9.120    0.201    0.145   0.066   0.197   0.197   0.201  -0.003   0.068  -0.733   0.092
   9.140    0.075    0.115   0.053   0.168   0.166   0.168  -0.002   0.091  -0.790   0.120
   9.160    0.003    0.093   0.041   0.140   0.142   0.141  -0.001   0.120  -0.805   0.156
   9.180   -0.048    0.071   0.031   0.114   0.115   0.114  -0.001   0.152  -0.822   0.195
   9.200   -0.044    0.053   0.023   0.092   0.094   0.093  -0.000   0.192  -0.811   0.249
   9.220   -0.012    0.038   0.017   0.075   0.072   0.073  -0.000   0.236  -0.795   0.287
   9.240    0.063    0.027   0.011   0.056   0.055   0.057  -0.000   0.287  -0.755   0.347
   9.260    0.174    0.019   0.008   0.044   0.043   0.042  -0.000   0.342  -0.708   0.402
   9.280    0.306    0.013   0.005   0.032   0.032   0.032  -0.000   0.393  -0.642   0.456
   9.300    0.447    0.008   0.003   0.024   0.024   0.024  -0.000   0.440  -0.573   0.510
   9.320    0.596    0.006   0.002   0.018   0.018   0.018  -0.000   0.491  -0.500   0.563
   9.340    0.730    0.004   0.001   0.013   0.013   0.013  -0.000   0.535  -0.428   0.594
   9.360    0.847    0.002   0.001   0.010   0.010   0.010  -0.000   0.565  -0.366   0.624
   9.380    0.950    0.002   0.001   0.009   0.008   0.008  -0.000   0.572  -0.296   0.645
   9.400    1.022    0.001   0.000   0.008   0.008   0.008  -0.000   0.586  -0.238   0.650
   9.420    1.064    0.002   0.000   0.008   0.008   0.008  -0.000   0.583  -0.187   0.644
   9.440    1.071    0.002   0.001   0.011   0.011   0.010  -0.000   0.552  -0.145   0.621
   9.460    1.068    0.004   0.001   0.014   0.014   0.014  -0.000   0.538  -0.111   0.600
   9.480    1.037    0.006   0.002   0.019   0.018   0.018  -0.000   0.495  -0.081   0.558
   9.500    0.985    0.009   0.003   0.025   0.025   0.025  -0.000   0.443  -0.059   0.510
   9.520    0.936    0.014   0.005   0.034   0.034   0.034  -0.000   0.398  -0.041   0.458
   9.540    0.881    0.020   0.008   0.044   0.044   0.044  -0.000   0.348  -0.029   0.400
   9.560    0.833    0.028   0.012   0.058   0.058   0.057  -0.000   0.292  -0.019   0.352
   9.580    0.800    0.039   0.017   0.073   0.075   0.076  -0.000   0.239  -0.015   0.292
   9.600    0.784    0.054   0.024   0.091   0.091   0.092  -0.000   0.199  -0.011   0.244
   9.620    0.784    0.071   0.032   0.112   0.113   0.111  -0.000   0.156  -0.010   0.195
   9.640    0.807    0.089   0.041   0.133   0.137   0.136  -0.000   0.125  -0.010   0.157
   9.660    0.844    0.114   0.052   0.158   0.157   0.158  -0.000   0.092  -0.013   0.124
   9.680    0.906    0.138   0.064   0.184   0.185   0.184  -0.000   0.070  -0.018   0.098
   9.700    0.962    0.162   0.075   0.209   0.208   0.208  -0.000   0.051  -0.027   0.071
   9.720    1.029    0.188   0.088   0.232   0.230   0.230  -0.000   0.038  -0.036   0.057
   9.740    1.088    0.211   0.098   0.253   0.251   0.251  -0.000   0.027  -0.051   0.045
   9.760    1.143    0.233   0.110   0.270   0.270   0.267  -0.000   0.022  -0.070   0.037
   9.780    1.171    0.245   0.116   0.281   0.283   0.282  -0.000   0.017  -0.093   0.032
   9.800    1.192    0.257   0.120   0.290   0.293   0.292  -0.000   0.019  -0.122   0.035
   9.820    1.178    0.258   0.121   0.295   0.292   0.295  -0.000   0.021  -0.157   0.042
   9.840    1.144    0.256   0.119   0.288   0.290   0.288  -0.000   0.031  -0.190   0.054
   9.860    1.099    0.246   0.115   0.282   0.278   0.282  -0.000   0.044  -0.229   0.071
   9.880    1.037    0.229   0.107   0.265   0.267   0.269  -0.000   0.061  -0.273   0.103
   9.900    0.976    0.210   0.098   0.249   0.248   0.248  -0.000   0.089  -0.314   0.138
   9.920    0.924    0.185   0.086   0.228   0.229   0.228  -0.000   0.124  -0.353   0.189
   9.940    0.891    0.161   0.074   0.204   0.203   0.203  -0.000   0.177  -0.388   0.249
   9.960    0.882    0.138   0.062   0.180   0.179   0.179  -0.000   0.235  -0.419   0.316
   9.980    0.912    0.111   0.052   0.157   0.154   0.154  -0.001   0.309  -0.441   0.404
  10.000    0.990    0.090   0.040   0.132   0.133   0.133  -0.001   0.393  -0.455   0.510
  10.020    1.107    0.070   0.031   0.108   0.110   0.111  -0.002   0.505  -0.460   0.613
  10.040    1.273    0.053   0.023   0.090   0.089   0.090  -0.004   0.625  -0.448   0.750
  10.060    1.474    0.039   0.017   0.072   0.072   0.071  -0.006   0.750  -0.437   0.879
  10.080    1.718    0.028   0.012   0.056   0.055   0.057  -0.010   0.897  -0.411   1.013
  10.100    1.967    0.020   0.008   0.043   0.044   0.043  -0.016   1.025  -0.385   1.160
  10.120    2.216    0.014   0.005   0.032   0.033   0.033  -0.023   1.175  -0.350   1.289
  10.140    2.427    0.009   0.004   0.024   0.024   0.025  -0.035   1.298  -0.314   1.387
  10.160    2.645    0.006   0.002   0.018   0.019   0.018  -0.050   1.401  -0.270   1.514
  10.180    2.774    0.004   0.001   0.014   0.012   0.013  -0.069   1.463  -0.233   1.571
  10.200    2.856    0.002   0.001   0.009   0.009   0.009  -0.093   1.518  -0.197   1.622
  10.220    2.886    0.001   0.000   0.006   0.006   0.006  -0.122   1.543  -0.157   1.634
  10.240    2.837    0.001   0.000   0.004   0.004   0.004  -0.155   1.504  -0.131   1.600
  10.260    2.737    0.001   0.000   0.003   0.003   0.002  -0.192   1.465  -0.105   1.577
  10.280    2.575    0.000   0.000   0.002   0.002   0.002  -0.232   1.392  -0.076   1.481
  10.300    2.350    0.000   0.000   0.001   0.001   0.001  -0.275   1.291  -0.060   1.386
  10.320    2.087    0.000   0.000   0.001   0.001   0.001  -0.314   1.174  -0.045   1.276
  10.340    1.808    0.000   0.000   0.000   0.000   0.000  -0.348   1.025  -0.034   1.150
  10.360    1.509    0.000   0.000   0.000   0.000   0.000  -0.381   0.890  -0.025   1.013
  10.380    1.209    0.000   0.000   0.000   0.000   0.000  -0.404   0.758  -0.023   0.869
  10.400    0.940    0.000   0.000   0.000   0.000   0.000  -0.416   0.619  -0.020   0.750
  10.420    0.690    0.000   0.000   0.000   0.000   0.000  -0.417   0.509  -0.022   0.615
  10.440    0.470    0.000   0.000   0.000   0.000   0.000  -0.412   0.406  -0.030   0.511
  10.460    0.294    0.000   0.000   0.000   0.000   0.000  -0.391   0.315  -0.041   0.411
  10.480    0.142    0.000   0.000   0.000   0.000   0.000  -0.366   0.242  -0.059   0.323
  10.500    0.023    0.000   0.000   0.000   0.000   0.000  -0.332   0.184  -0.081   0.256
  10.520   -0.075    0.000   0.000   0.000   0.000   0.000  -0.293   0.132  -0.110   0.193
  10.540   -0.154    0.000   0.000   0.000   0.000   0.000  -0.251   0.095  -0.149   0.150
  10.560   -0.218    0.000   0.000   0.000   0.000   0.000  -0.210   0.073  -0.199   0.117
  10.580   -0.276    0.000   0.000   0.000   0.000   0.000  -0.172   0.058  -0.260   0.093
  10.600   -0.331    0.000   0.000   0.000   0.000   0.000  -0.139   0.047  -0.322   0.078
  10.620   -0.380    0.000   0.000   0.000   0.000   0.000  -0.108   0.048  -0.404   0.073
  10.640   -0.425    0.000   0.000   0.000   0.000   0.000  -0.081   0.054  -0.484   0.079
  10.660   -0.462    0.000   0.000   0.000   0.000   0.000  -0.059   0.065  -0.570   0.098
  10.680   -0.489    0.000   0.000   0.000   0.000   0.000  -0.043   0.086  -0.662   0.116
  10.700   -0.497    0.000   0.000   0.000   0.000   0.000  -0.030   0.112  -0.740   0.148
  10.720   -0.486    0.000   0.000   0.000   0.000   0.000  -0.021   0.146  -0.821   0.189
  10.740   -0.442    0.000   0.000   0.000   0.000   0.000  -0.014   0.187  -0.876   0.244
  10.760   -0.371    0.000   0.000   0.000   0.000   0.000  -0.009   0.243  -0.916   0.298
  10.780   -0.261    0.000   0.000   0.000   0.000   0.000  -0.006   0.296  -0.942   0.367
  10.800   -0.125    0.000   0.000   0.000   0.000   0.000  -0.004   0.365  -0.942   0.433
  10.820    0.047    0.000   0.000   0.000   0.000   0.000  -0.002   0.435  -0.928   0.518
  10.840    0.233    0.000   0.000   0.000   0.000   0.000  -0.001   0.508  -0.887   0.596
  10.860    0.446    0.000   0.000   0.000   0.000   0.000  -0.001   0.583  -0.827   0.676
  10.880    0.655    0.000   0.000   0.001   0.001   0.001  -0.000   0.647  -0.763   0.753
  10.900    0.867    0.000   0.000   0.001   0.001   0.001  -0.000   0.708  -0.687   0.819
  10.920    1.057    0.000   0.000   0.002   0.001   0.002  -0.000   0.764  -0.602   0.873
  10.940    1.234    0.001   0.000   0.002   0.002   0.002  -0.000   0.807  -0.515   0.918
  10.960    1.365    0.001   0.000   0.003   0.003   0.004  -0.000   0.830  -0.433   0.932
  10.980    1.462    0.002   0.000   0.005   0.005   0.005  -0.000   0.837  -0.354   0.947
  11.000    1.522    0.002   0.001   0.007   0.007   0.007  -0.000   0.825  -0.283   0.942
  11.020    1.539    0.004   0.001   0.009   0.010   0.009  -0.000   0.799  -0.221   0.908
  11.040    1.509    0.006   0.002   0.013   0.012   0.013  -0.000   0.762  -0.169   0.856
  11.060    1.449    0.008   0.003   0.016   0.017   0.017  -0.000   0.702  -0.131   0.805
  11.080    1.368    0.011   0.005   0.022   0.022   0.022  -0.000   0.643  -0.095   0.724
  11.100    1.271    0.016   0.007   0.027   0.029   0.028  -0.000   0.573  -0.070   0.657
  11.120    1.162    0.021   0.009   0.035   0.035   0.035  -0.000   0.493  -0.053   0.580
  11.140    1.055    0.027   0.012   0.042   0.043   0.043  -0.000   0.424  -0.042   0.502
  11.160    0.945    0.035   0.016   0.051   0.051   0.050  -0.000   0.353  -0.036   0.422
  11.180    0.851    0.043   0.020   0.059   0.059   0.060  -0.000   0.288  -0.036   0.349
  11.200    0.764    0.052   0.024   0.069   0.069   0.069  -0.000   0.230  -0.042   0.289
  11.220    0.690    0.061   0.028   0.078   0.079   0.079  -0.000   0.187  -0.052   0.232
  11.240    0.623    0.070   0.033   0.088   0.087   0.087  -0.000   0.144  -0.068   0.182
  11.260    0.567    0.080   0.037   0.095   0.094   0.095  -0.000   0.110  -0.089   0.147
  11.280    0.520    0.087   0.040   0.102   0.101   0.102  -0.000   0.086  -0.115   0.118
  11.300    0.471    0.092   0.043   0.106   0.107   0.106  -0.000   0.070  -0.150   0.098
  11.320    0.420    0.095   0.045   0.108   0.108   0.108  -0.000   0.060  -0.184   0.084
  11.340    0.378    0.096   0.045   0.110   0.108   0.110  -0.000   0.055  -0.228   0.083
  11.360    0.338    0.095   0.045   0.109   0.109   0.110  -0.000   0.060  -0.276   0.089
  11.380    0.295    0.092   0.043   0.106   0.104   0.104  -0.000   0.068  -0.325   0.102
  11.400    0.261    0.085   0.040   0.100   0.101   0.099  -0.000   0.085  -0.374   0.121
  11.420    0.241    0.079   0.037   0.094   0.094   0.093  -0.001   0.112  -0.418   0.154
  11.440    0.234    0.070   0.032   0.086   0.086   0.086  -0.002   0.145  -0.459   0.191
  11.460    0.244    0.060   0.028   0.076   0.077   0.077  -0.002   0.182  -0.498   0.238
  11.480    0.281    0.049   0.023   0.068   0.068   0.069  -0.004   0.233  -0.520   0.292
  11.500    0.343    0.043   0.019   0.058   0.059   0.058  -0.007   0.288  -0.530   0.350
  11.520    0.422    0.033   0.015   0.050   0.050   0.049  -0.011   0.345  -0.533   0.423
  11.540    0.524    0.027   0.012   0.042   0.043   0.042  -0.018   0.410  -0.522   0.491
  11.560    0.642    0.021   0.009   0.035   0.035   0.035  -0.026   0.476  -0.501   0.555
  11.580    0.763    0.016   0.007   0.030   0.029   0.030  -0.038   0.537  -0.476   0.622
  11.600    0.894    0.011   0.005   0.025   0.024   0.025  -0.054   0.601  -0.434   0.683
  11.620    1.007    0.009   0.004   0.021   0.020   0.021  -0.075   0.650  -0.394   0.741
  11.640    1.108    0.007   0.003   0.019   0.019   0.019  -0.101   0.689  -0.346   0.791
  11.660    1.180    0.006   0.002   0.018   0.018   0.018  -0.133   0.718  -0.297   0.813
  11.680    1.223    0.007   0.002   0.020   0.020   0.020  -0.171   0.737  -0.250   0.827
  11.700    1.227    0.008   0.003   0.024   0.023   0.023  -0.211   0.736  -0.206   0.821
  11.720    1.208    0.011   0.004   0.028   0.028   0.028  -0.256   0.719  -0.164   0.806
  11.740    1.154    0.016   0.006   0.035   0.035   0.035  -0.303   0.677  -0.131   0.768
  11.760    1.088    0.022   0.009   0.045   0.044   0.045  -0.347   0.640  -0.101   0.722
  11.780    1.013    0.030   0.012   0.056   0.055   0.055  -0.387   0.585  -0.077   0.674
  11.800    0.922    0.041   0.017   0.069   0.069   0.070  -0.422   0.529  -0.061   0.607
  11.820    0.845    0.055   0.023   0.084   0.086   0.086  -0.449   0.454  -0.047   0.541
  11.840    0.776    0.068   0.030   0.103   0.103   0.104  -0.466   0.399  -0.039   0.468
  11.860    0.728    0.087   0.039   0.119   0.123   0.122  -0.471   0.335  -0.034   0.403
  11.880    0.707    0.107   0.048   0.143   0.144   0.142  -0.465   0.276  -0.034   0.342
  11.900    0.700    0.127   0.057   0.164   0.161   0.162  -0.446   0.220  -0.036   0.278
  11.920    0.718    0.146   0.067   0.180   0.184   0.182  -0.417   0.175  -0.041   0.232
  11.940    0.754    0.165   0.078   0.200   0.201   0.201  -0.382   0.141  -0.051   0.191
  11.960    0.801    0.183   0.085   0.216   0.216   0.217  -0.340   0.115  -0.060   0.165
  11.980    0.847    0.196   0.093   0.230   0.229   0.228  -0.293   0.092  -0.075   0.141
  12.000    0.901    0.203   0.098   0.240   0.238   0.239  -0.248   0.084  -0.091   0.130
  12.020    0.932    0.209   0.099   0.242   0.239   0.241  -0.206   0.082  -0.110   0.129
  12.040    0.972    0.209   0.100   0.241   0.241   0.240  -0.165   0.090  -0.126   0.139
  12.060    0.998    0.202   0.096   0.233   0.234   0.234  -0.129   0.111  -0.144   0.162
  12.080    1.030    0.192   0.091   0.225   0.224   0.224  -0.098   0.139  -0.164   0.199
  12.100    1.052    0.178   0.084   0.211   0.210   0.212  -0.073   0.176  -0.184   0.239
  12.120    1.088    0.159   0.074   0.195   0.195   0.192  -0.052   0.223  -0.196   0.297
  12.140    1.138    0.141   0.065   0.176   0.177   0.176  -0.037   0.289  -0.211   0.365
  12.160    1.185    0.120   0.055   0.156   0.155   0.157  -0.026   0.357  -0.218   0.428
  12.180    1.264    0.100   0.045   0.134   0.135   0.135  -0.017   0.436  -0.224   0.518
  12.200    1.357    0.082   0.036   0.117   0.116   0.115  -0.011   0.521  -0.226   0.603
  12.220    1.473    0.064   0.029   0.098   0.099   0.098  -0.007   0.612  -0.223   0.695
  12.240    1.589    0.050   0.022   0.082   0.080   0.081  -0.004   0.706  -0.213   0.789
  12.260    1.698    0.038   0.016   0.066   0.067   0.067  -0.003   0.793  -0.202   0.860
  12.280    1.814    0.029   0.012   0.055   0.055   0.055  -0.002   0.871  -0.184   0.946
  12.300    1.909    0.022   0.008   0.045   0.045   0.046  -0.001   0.932  -0.167   0.998
  12.320    1.985    0.017   0.006   0.038   0.038   0.039  -0.001   0.978  -0.151   1.040
  12.340    2.037    0.014   0.005   0.034   0.033   0.034  -0.000   1.007  -0.131   1.062
  12.360    2.061    0.013   0.005   0.032   0.034   0.032  -0.000   1.015  -0.115   1.063
  12.380    2.055    0.014   0.005   0.033   0.033   0.033  -0.000   0.996  -0.097   1.063
  12.400    2.015    0.016   0.007   0.036   0.036   0.037  -0.000   0.956  -0.082   1.028
  12.420    1.945    0.020   0.009   0.041   0.042   0.041  -0.000   0.908  -0.069   0.972
  12.440    1.857    0.027   0.012   0.049   0.049   0.050  -0.000   0.835  -0.061   0.910
  12.460    1.751    0.035   0.015   0.059   0.058   0.059  -0.000   0.753  -0.056   0.829
  12.480    1.633    0.046   0.020   0.070   0.071   0.071  -0.000   0.664  -0.054   0.742
  12.500    1.515    0.058   0.026   0.083   0.082   0.084  -0.000   0.573  -0.060   0.658
  12.520    1.388    0.070   0.032   0.097   0.098   0.097  -0.000   0.493  -0.073   0.572
  12.540    1.269    0.084   0.039   0.111   0.112   0.111  -0.000   0.411  -0.088   0.490
  12.560    1.153    0.099   0.046   0.127   0.126   0.126  -0.000   0.329  -0.116   0.413
  12.580    1.046    0.113   0.053   0.140   0.140   0.140  -0.000   0.263  -0.148   0.339
  12.600    0.941    0.126   0.059   0.151   0.153   0.152  -0.000   0.215  -0.194   0.278
  12.620    0.844    0.136   0.064   0.162   0.161   0.162  -0.000   0.170  -0.243   0.235
  12.640    0.749    0.144   0.068   0.169   0.169   0.167  -0.000   0.136  -0.301   0.197
  12.660    0.662    0.151   0.070   0.175   0.173   0.175  -0.000   0.113  -0.358   0.170
  12.680    0.563    0.152   0.071   0.176   0.173   0.175  -0.000   0.102  -0.440   0.156
  12.700    0.475    0.149   0.070   0.172   0.173   0.173  -0.000   0.103  -0.509   0.153
  12.720    0.393    0.142   0.067   0.168   0.168   0.166  -0.000   0.111  -0.578   0.160
  12.740    0.321    0.134   0.062   0.159   0.158   0.160  -0.001   0.128  -0.646   0.181
  12.760    0.261    0.123   0.057   0.149   0.149   0.146  -0.001   0.156  -0.712   0.205
  12.780    0.218    0.110   0.050   0.135   0.135   0.135  -0.002   0.188  -0.761   0.243
  12.800    0.201    0.096   0.044   0.122   0.120   0.122  -0.004   0.233  -0.800   0.284
  12.820    0.211    0.082   0.037   0.107   0.109   0.106  -0.006   0.276  -0.818   0.331
  12.840    0.243    0.068   0.031   0.093   0.093   0.093  -0.009   0.330  -0.823   0.384
  12.860    0.296    0.054   0.025   0.079   0.080   0.080  -0.013   0.385  -0.810   0.430
  12.880    0.371    0.043   0.020   0.068   0.069   0.068  -0.019   0.437  -0.782   0.486
  12.900    0.463    0.034   0.015   0.057   0.057   0.058  -0.027   0.492  -0.733   0.536
  12.920    0.555    0.026   0.012   0.048   0.049   0.048  -0.037   0.531  -0.681   0.566
  12.940    0.648    0.020   0.009   0.041   0.041   0.041  -0.048   0.569  -0.615   0.604
  12.960    0.734    0.017   0.007   0.037   0.037   0.036  -0.062   0.596  -0.544   0.622
  12.980    0.811    0.015   0.006   0.034   0.034   0.034  -0.079   0.608  -0.469   0.637
  13.000    0.866    0.014   0.006   0.034   0.034   0.034  -0.095   0.606  -0.399   0.635
  13.020    0.899    0.016   0.007   0.036   0.035   0.036  -0.114   0.593  -0.333   0.628
  13.040    0.911    0.020   0.009   0.040   0.039   0.041  -0.132   0.573  -0.275   0.603
  13.060    0.905    0.025   0.011   0.046   0.046   0.046  -0.149   0.530  -0.221   0.571
  13.080    0.887    0.032   0.014   0.054   0.055   0.055  -0.164   0.488  -0.179   0.531
  13.100    0.849    0.041   0.018   0.064   0.064   0.064  -0.176   0.444  -0.145   0.480
  13.120    0.819    0.051   0.023   0.075   0.076   0.075  -0.184   0.392  -0.122   0.432
  13.140    0.774    0.063   0.029   0.087   0.086   0.087  -0.187   0.334  -0.109   0.382
  13.160    0.734    0.076   0.035   0.100   0.100   0.100  -0.186   0.282  -0.106   0.332
  13.180    0.692    0.088   0.041   0.111   0.112   0.111  -0.179   0.234  -0.115   0.281
  13.200    0.655    0.100   0.047   0.125   0.124   0.123  -0.170   0.191  -0.131   0.242
  13.220    0.624    0.112   0.052   0.135   0.134   0.134  -0.156   0.157  -0.157   0.210
  13.240    0.591    0.122   0.056   0.142   0.142   0.142  -0.139   0.129  -0.188   0.178
  13.260    0.557    0.128   0.060   0.149   0.149   0.149  -0.122   0.109  -0.229   0.160
  13.280    0.526    0.133   0.062   0.153   0.153   0.152  -0.103   0.096  -0.276   0.149
  13.300    0.486    0.135   0.063   0.153   0.152   0.152  -0.086   0.093  -0.326   0.146
  13.320    0.456    0.132   0.061   0.151   0.152   0.153  -0.069   0.097  -0.378   0.152
  13.340    0.424    0.126   0.059   0.146   0.147   0.146  -0.054   0.111  -0.427   0.164
  13.360    0.402    0.119   0.055   0.139   0.139   0.137  -0.042   0.134  -0.475   0.188
  13.380    0.379    0.108   0.050   0.129   0.129   0.131  -0.032   0.165  -0.523   0.211
  13.400    0.381    0.096   0.044   0.119   0.118   0.118  -0.023   0.208  -0.553   0.246
  13.420    0.396    0.083   0.039   0.106   0.106   0.106  -0.016   0.253  -0.572   0.286
  13.440    0.422    0.071   0.032   0.093   0.094   0.094  -0.011   0.304  -0.585   0.330
  13.460    0.469    0.058   0.027   0.082   0.081   0.082  -0.007   0.357  -0.580   0.370
  13.480    0.532    0.047   0.022   0.070   0.070   0.068  -0.005   0.412  -0.570   0.418
  13.500    0.601    0.038   0.017   0.058   0.058   0.058  -0.003   0.464  -0.540   0.454
  13.520    0.676    0.029   0.013   0.049   0.048   0.050  -0.002   0.507  -0.504   0.488
  13.540    0.748    0.022   0.010   0.040   0.041   0.040  -0.001   0.545  -0.463   0.519
  13.560    0.819    0.017   0.007   0.033   0.033   0.033  -0.001   0.579  -0.410   0.535
  13.580    0.880    0.013   0.005   0.027   0.028   0.028  -0.000   0.596  -0.357   0.550
  13.600    0.923    0.010   0.004   0.025   0.024   0.024  -0.000   0.595  -0.309   0.555
  13.620    0.944    0.009   0.004   0.022   0.021   0.021  -0.000   0.590  -0.261   0.545
  13.640    0.946    0.009   0.004   0.020   0.020   0.020  -0.000   0.561  -0.213   0.531
  13.660    0.929    0.010   0.004   0.020   0.020   0.020  -0.000   0.531  -0.174   0.504
  13.680    0.890    0.012   0.005   0.021   0.022   0.021  -0.000   0.488  -0.142   0.476
  13.700    0.835    0.014   0.006   0.023   0.024   0.023  -0.000   0.433  -0.119   0.435
  13.720    0.772    0.017   0.008   0.026   0.026   0.026  -0.000   0.384  -0.102   0.395
  13.740    0.709    0.020   0.009   0.029   0.028   0.029  -0.000   0.332  -0.093   0.358
  13.760    0.629    0.024   0.011   0.032   0.032   0.032  -0.000   0.281  -0.092   0.315
  13.780    0.563    0.028   0.013   0.036   0.035   0.035  -0.000   0.240  -0.099   0.278
  13.800    0.498    0.032   0.015   0.039   0.039   0.039  -0.000   0.198  -0.111   0.250
  13.820    0.440    0.035   0.017   0.042   0.041   0.041  -0.000   0.171  -0.131   0.225
  13.840    0.391    0.038   0.018   0.043   0.044   0.044  -0.000   0.152  -0.155   0.209
  13.860    0.354    0.039   0.018   0.045   0.045   0.046  -0.000   0.142  -0.183   0.205
  13.880    0.334    0.041   0.019   0.046   0.046   0.046  -0.001   0.143  -0.214   0.209
  13.900    0.327    0.040   0.019   0.045   0.045   0.045  -0.001   0.159  -0.247   0.224
  13.920    0.347    0.039   0.018   0.045   0.046   0.045  -0.002   0.183  -0.277   0.251
  13.940    0.380    0.037   0.017   0.043   0.042   0.044  -0.003   0.217  -0.311   0.294
  13.960    0.442    0.034   0.016   0.041   0.041   0.041  -0.006   0.266  -0.335   0.346
  13.980    0.518    0.031   0.014   0.038   0.038   0.037  -0.009   0.320  -0.358   0.405
  14.000    0.621    0.027   0.013   0.034   0.034   0.035  -0.014   0.385  -0.374   0.477
  14.020    0.741    0.023   0.011   0.032   0.032   0.032  -0.020   0.452  -0.380   0.554
  14.040    0.869    0.020   0.009   0.028   0.029   0.028  -0.028   0.526  -0.379   0.626
  14.060    1.004    0.017   0.007   0.026   0.026   0.026  -0.040   0.598  -0.373   0.706
  14.080    1.142    0.014   0.006   0.024   0.024   0.023  -0.055   0.668  -0.361   0.781
  14.100    1.260    0.011   0.005   0.022   0.022   0.022  -0.073   0.728  -0.336   0.848
  14.120    1.359    0.011   0.005   0.022   0.022   0.022  -0.094   0.775  -0.312   0.893
  14.140    1.434    0.011   0.004   0.022   0.022   0.022  -0.121   0.817  -0.284   0.932
  14.160    1.483    0.011   0.004   0.024   0.024   0.024  -0.147   0.836  -0.254   0.958
  14.180    1.508    0.014   0.006   0.027   0.027   0.028  -0.177   0.840  -0.221   0.963
  14.200    1.499    0.016   0.007   0.032   0.032   0.032  -0.207   0.824  -0.189   0.946
  14.220    1.459    0.021   0.009   0.038   0.038   0.039  -0.236   0.797  -0.163   0.910
  14.240    1.395    0.028   0.012   0.046   0.046   0.046  -0.266   0.754  -0.140   0.868
  14.260    1.321    0.035   0.016   0.054   0.054   0.055  -0.288   0.695  -0.121   0.813
  14.280    1.224    0.044   0.020   0.064   0.064   0.064  -0.304   0.631  -0.109   0.740
  14.300    1.121    0.054   0.025   0.075   0.075   0.074  -0.314   0.561  -0.105   0.666
  14.320    1.019    0.064   0.030   0.085   0.085   0.084  -0.315   0.490  -0.106   0.589
  14.340    0.921    0.075   0.035   0.095   0.096   0.095  -0.309   0.427  -0.117   0.518
  14.360    0.837    0.086   0.040   0.105   0.105   0.107  -0.296   0.364  -0.132   0.450
  14.380    0.762    0.096   0.045   0.114   0.113   0.114  -0.277   0.310  -0.156   0.398
  14.400    0.707    0.103   0.049   0.121   0.122   0.122  -0.252   0.271  -0.186   0.352
  14.420    0.666    0.110   0.051   0.126   0.126   0.127  -0.224   0.246  -0.223   0.321
  14.440    0.632    0.112   0.053   0.129   0.130   0.130  -0.196   0.228  -0.258   0.304
  14.460    0.631    0.114   0.053   0.132   0.129   0.129  -0.165   0.231  -0.301   0.304
  14.480    0.643    0.112   0.052   0.128   0.128   0.130  -0.135   0.242  -0.340   0.324
  14.500    0.668    0.107   0.050   0.124   0.125   0.124  -0.108   0.274  -0.381   0.354
  14.520    0.722    0.100   0.046   0.118   0.119   0.119  -0.085   0.317  -0.413   0.403
  14.540    0.787    0.091   0.042   0.111   0.111   0.110  -0.065   0.370  -0.445   0.456
  14.560    0.876    0.081   0.038   0.103   0.101   0.101  -0.048   0.433  -0.466   0.527
  14.580    0.986    0.070   0.032   0.093   0.093   0.093  -0.035   0.505  -0.475   0.600
  14.600    1.108    0.060   0.027   0.084   0.084   0.084  -0.024   0.577  -0.478   0.680
  14.620    1.228    0.051   0.023   0.075   0.076   0.075  -0.017   0.656  -0.471   0.759
  14.640    1.353    0.043   0.019   0.068   0.067   0.068  -0.012   0.722  -0.447   0.829
  14.660    1.471    0.036   0.016   0.063   0.062   0.063  -0.007   0.783  -0.423   0.894
  14.680    1.588    0.032   0.014   0.060   0.059   0.059  -0.005   0.837  -0.389   0.939
  14.700    1.689    0.029   0.013   0.059   0.059   0.058  -0.003   0.873  -0.352   0.977
  14.720    1.771    0.031   0.013   0.061   0.060   0.061  -0.002   0.888  -0.312   1.001
  14.740    1.831    0.034   0.015   0.066   0.066   0.067  -0.001   0.893  -0.271   0.988
  14.760    1.864    0.039   0.017   0.074   0.073   0.074  -0.001   0.871  -0.231   0.981
  14.780    1.875    0.050   0.022   0.085   0.084   0.084  -0.000   0.834  -0.195   0.938
  14.800    1.857    0.061   0.027   0.097   0.098   0.098  -0.000   0.786  -0.162   0.884
  14.820    1.832    0.075   0.034   0.114   0.114   0.115  -0.000   0.724  -0.137   0.824
  14.840    1.790    0.093   0.042   0.132   0.131   0.131  -0.000   0.652  -0.118   0.756
  14.860    1.733    0.111   0.051   0.150   0.150   0.150  -0.000   0.577  -0.106   0.669
  14.880    1.661    0.130   0.060   0.167   0.168   0.168  -0.000   0.502  -0.100   0.589
  14.900    1.592    0.150   0.070   0.184   0.186   0.186  -0.000   0.426  -0.102   0.509
  14.920    1.516    0.168   0.078   0.202   0.203   0.201  -0.000   0.357  -0.113   0.435
  14.940    1.439    0.182   0.085   0.215   0.215   0.215  -0.000   0.294  -0.125   0.366
  14.960    1.362    0.195   0.091   0.225   0.226   0.226  -0.001   0.241  -0.146   0.305
  14.980    1.283    0.202   0.095   0.233   0.232   0.233  -0.001   0.198  -0.168   0.255
  15.000    1.203    0.206   0.096   0.233   0.235   0.234  -0.002   0.165  -0.193   0.220
  15.020    1.113    0.203   0.094   0.232   0.232   0.230  -0.004   0.144  -0.221   0.190
  15.040    1.023    0.194   0.092   0.224   0.225   0.224  -0.007   0.124  -0.245   0.169
  15.060    0.937    0.184   0.085   0.217   0.215   0.215  -0.011   0.118  -0.269   0.162
  15.080    0.842    0.170   0.077   0.199   0.201   0.201  -0.016   0.118  -0.291   0.159
  15.100    0.757    0.151   0.070   0.185   0.185   0.185  -0.024   0.121  -0.304   0.162
  15.120    0.670    0.132   0.061   0.168   0.167   0.166  -0.035   0.131  -0.313   0.171
  15.140    0.590    0.112   0.052   0.148   0.149   0.145  -0.049   0.142  -0.313   0.184
  15.160    0.519    0.093   0.043   0.129   0.126   0.128  -0.068   0.153  -0.305   0.198
  15.180    0.452    0.075   0.035   0.109   0.109   0.109  -0.090   0.167  -0.294   0.212
  15.200    0.385    0.060   0.027   0.091   0.090   0.091  -0.117   0.179  -0.277   0.224
  15.220    0.331    0.046   0.021   0.075   0.075   0.075  -0.148   0.191  -0.255   0.237
  15.240    0.271    0.034   0.015   0.060   0.060   0.061  -0.183   0.193  -0.230   0.247
  15.260    0.212    0.025   0.011   0.047   0.048   0.048  -0.221   0.195  -0.205   0.245
  15.280    0.151    0.018   0.008   0.038   0.036   0.037  -0.260   0.196  -0.180   0.246
  15.300    0.095    0.012   0.005   0.028   0.028   0.028  -0.297   0.192  -0.156   0.242
  15.320    0.038    0.008   0.004   0.022   0.021   0.021  -0.332   0.184  -0.136   0.233
  15.340   -0.021    0.006   0.002   0.015   0.015   0.016  -0.360   0.173  -0.121   0.221
  15.360   -0.075    0.004   0.001   0.011   0.011   0.011  -0.383   0.163  -0.111   0.209
  15.380   -0.124    0.002   0.001   0.008   0.008   0.008  -0.396   0.152  -0.108   0.197
  15.400   -0.164    0.001   0.001   0.005   0.005   0.005  -0.398   0.141  -0.110   0.182
  15.420   -0.197    0.001   0.000   0.004   0.004   0.004  -0.395   0.131  -0.121   0.173
  15.440   -0.212    0.001   0.000   0.003   0.002   0.003  -0.378   0.124  -0.136   0.167
  15.460   -0.214    0.000   0.000   0.002   0.002   0.001  -0.353   0.123  -0.159   0.169
  15.480   -0.205    0.000   0.000   0.001   0.001   0.001  -0.323   0.126  -0.186   0.174
  15.500   -0.171    0.000   0.000   0.001   0.001   0.001  -0.288   0.141  -0.216   0.189
  15.520   -0.125    0.000   0.000   0.001   0.001   0.000  -0.250   0.162  -0.249   0.213
  15.540   -0.060    0.000   0.000   0.000   0.000   0.000  -0.212   0.189  -0.282   0.246
  15.560    0.025    0.000   0.000   0.000   0.000   0.000  -0.175   0.225  -0.312   0.289
  15.580    0.127    0.000   0.000   0.000   0.000   0.000  -0.141   0.276  -0.346   0.338
  15.600    0.242    0.000   0.000   0.000   0.000   0.000  -0.111   0.328  -0.368   0.394
  15.620    0.377    0.000   0.000   0.000   0.000   0.001  -0.084   0.391  -0.387   0.459
  15.640    0.523    0.000   0.000   0.001   0.001   0.001  -0.063   0.453  -0.394   0.528
  15.660    0.672    0.000   0.000   0.001   0.001   0.001  -0.046   0.524  -0.401   0.594
  15.680    0.830    0.000   0.000   0.001   0.001   0.001  -0.033   0.594  -0.393   0.659
  15.700    0.978    0.001   0.000   0.002   0.002   0.002  -0.022   0.650  -0.383   0.719
  15.720    1.100    0.001   0.000   0.002   0.002   0.002  -0.015   0.701  -0.360   0.772
  15.740    1.210    0.002   0.001   0.003   0.003   0.003  -0.010   0.747  -0.335   0.807
  15.760    1.297    0.002   0.001   0.004   0.004   0.004  -0.006   0.773  -0.307   0.844
  15.780    1.349    0.003   0.001   0.005   0.005   0.005  -0.004   0.781  -0.276   0.846
  15.800    1.378    0.004   0.002   0.007   0.007   0.007  -0.002   0.783  -0.248   0.840
  15.820    1.374    0.006   0.002   0.008   0.009   0.008  -0.001   0.763  -0.217   0.821
  15.840    1.343    0.007   0.003   0.010   0.010   0.011  -0.001   0.727  -0.192   0.790
  15.860    1.281    0.009   0.004   0.012   0.013   0.013  -0.000   0.676  -0.177   0.749
  15.880    1.202    0.011   0.005   0.015   0.015   0.015  -0.000   0.619  -0.167   0.695
  15.900    1.104    0.013   0.006   0.017   0.017   0.018  -0.000   0.560  -0.162   0.642
  15.920    0.997    0.015   0.007   0.020   0.020   0.020  -0.000   0.500  -0.168   0.576
  15.940    0.880    0.018   0.008   0.021   0.022   0.022  -0.000   0.438  -0.183   0.527
  15.960    0.757    0.020   0.009   0.024   0.025   0.024  -0.000   0.386  -0.209   0.469
  15.980    0.646    0.021   0.010   0.026   0.026   0.026  -0.000   0.340  -0.240   0.428
  16.000    0.553    0.022   0.011   0.028   0.027   0.027  -0.001   0.310  -0.275   0.399
  16.020    0.474    0.024   0.012   0.028   0.028   0.029  -0.001   0.290  -0.312   0.378
  16.040    0.422    0.024   0.012   0.029   0.028   0.028  -0.001   0.285  -0.358   0.374
  16.060    0.395    0.023   0.011   0.029   0.028   0.029  -0.002   0.295  -0.402   0.384
  16.080    0.397    0.022   0.011   0.028   0.028   0.028  -0.004   0.317  -0.440   0.405
  16.100    0.427    0.021   0.010   0.027   0.028   0.028  -0.005   0.356  -0.474   0.431
  16.120    0.479    0.020   0.010   0.027   0.027   0.027  -0.008   0.401  -0.500   0.473
  16.140    0.563    0.018   0.009   0.027   0.027   0.027  -0.012   0.458  -0.515   0.521
  16.160    0.659    0.017   0.008   0.027   0.026   0.026  -0.016   0.513  -0.521   0.572
  16.180    0.773    0.016   0.007   0.027   0.028   0.027  -0.022   0.577  -0.519   0.626
  16.200    0.892    0.016   0.007   0.028   0.030   0.029  -0.029   0.630  -0.502   0.670
  16.220    0.998    0.017   0.007   0.031   0.031   0.031  -0.038   0.681  -0.476   0.718
  16.240    1.103    0.019   0.008   0.036   0.036   0.037  -0.048   0.718  -0.446   0.752
  16.260    1.195    0.023   0.009   0.042   0.043   0.042  -0.058   0.748  -0.408   0.771
  16.280    1.271    0.028   0.012   0.050   0.050   0.050  -0.069   0.759  -0.369   0.783
  16.300    1.330    0.036   0.015   0.060   0.060   0.060  -0.080   0.751  -0.327   0.776
  16.320    1.365    0.045   0.020   0.072   0.071   0.071  -0.090   0.732  -0.290   0.760
  16.340    1.388    0.056   0.025   0.085   0.085   0.085  -0.100   0.701  -0.254   0.730
  16.360    1.380    0.069   0.032   0.099   0.100   0.099  -0.107   0.653  -0.227   0.688
  16.380    1.364    0.085   0.038   0.114   0.116   0.115  -0.112   0.600  -0.208   0.646
  16.400    1.325    0.099   0.046   0.131   0.130   0.131  -0.114   0.537  -0.199   0.587
  16.420    1.284    0.116   0.054   0.147   0.146   0.147  -0.113   0.472  -0.197   0.530
  16.440    1.222    0.130   0.061   0.160   0.160   0.160  -0.111   0.414  -0.209   0.472
  16.460    1.162    0.144   0.067   0.172   0.171   0.173  -0.106   0.357  -0.227   0.421
  16.480    1.094    0.155   0.072   0.183   0.182   0.183  -0.098   0.306  -0.252   0.371
  16.500    1.029    0.164   0.076   0.191   0.190   0.190  -0.088   0.264  -0.283   0.331
  16.520    0.959    0.169   0.079   0.193   0.191   0.190  -0.077   0.234  -0.318   0.301
  16.540    0.894    0.167   0.078   0.193   0.192   0.192  -0.067   0.212  -0.354   0.278
  16.560    0.831    0.163   0.076   0.190   0.191   0.189  -0.056   0.203  -0.391   0.263
  16.580    0.773    0.156   0.072   0.183   0.185   0.183  -0.046   0.200  -0.423   0.258
  16.600    0.717    0.145   0.067   0.175   0.173   0.173  -0.037   0.208  -0.453   0.258
  16.620    0.680    0.132   0.061   0.163   0.162   0.163  -0.028   0.224  -0.473   0.268
  16.640    0.649    0.117   0.054   0.149   0.151   0.149  -0.021   0.248  -0.481   0.281
  16.660    0.632    0.104   0.047   0.136   0.136   0.138  -0.016   0.272  -0.480   0.298
  16.680    0.623    0.088   0.040   0.124   0.125   0.123  -0.011   0.295  -0.471   0.311
  16.700    0.631    0.076   0.034   0.110   0.112   0.111  -0.008   0.317  -0.449   0.329
  16.720    0.641    0.065   0.029   0.100   0.101   0.101  -0.005   0.333  -0.427   0.345
  16.740    0.665    0.056   0.025   0.092   0.093   0.092  -0.003   0.347  -0.391   0.355
  16.760    0.690    0.050   0.022   0.086   0.087   0.086  -0.002   0.356  -0.355   0.358
  16.780    0.721    0.048   0.021   0.083   0.083   0.083  -0.001   0.355  -0.316   0.362
  16.800    0.748    0.048   0.022   0.083   0.083   0.083  -0.001   0.350  -0.277   0.357
  16.820    0.775    0.052   0.023   0.084   0.086   0.085  -0.001   0.339  -0.242   0.350
  16.840    0.798    0.058   0.026   0.089   0.089   0.090  -0.000   0.319  -0.208   0.333
  16.860    0.828    0.066   0.030   0.095   0.096   0.096  -0.000   0.298  -0.183   0.327
  16.880    0.843    0.076   0.034   0.102   0.103   0.103  -0.000   0.278  -0.163   0.309
  16.900    0.857    0.084   0.039   0.111   0.110   0.111  -0.000   0.256  -0.148   0.297
  16.920    0.877    0.094   0.044   0.119   0.118   0.119  -0.000   0.239  -0.140   0.287
  16.940    0.901    0.103   0.048   0.126   0.127   0.126  -0.001   0.227  -0.137   0.285
  16.960    0.923    0.110   0.052   0.131   0.131   0.132  -0.001   0.226  -0.142   0.289
  16.980    0.948    0.116   0.054   0.136   0.135   0.135  -0.002   0.231  -0.148   0.301
  17.000    0.983    0.118   0.055   0.137   0.136   0.137  -0.004   0.248  -0.158   0.325
  17.020    1.020    0.118   0.055   0.137   0.135   0.137  -0.006   0.276  -0.171   0.353
  17.040    1.076    0.116   0.054   0.135   0.135   0.135  -0.009   0.319  -0.184   0.395
  17.060    1.134    0.111   0.051   0.131   0.130   0.129  -0.014   0.371  -0.195   0.446
  17.080    1.194    0.102   0.047   0.124   0.123   0.123  -0.020   0.426  -0.203   0.500
  17.100    1.263    0.093   0.043   0.116   0.114   0.115  -0.028   0.489  -0.210   0.561
  17.120    1.329    0.083   0.038   0.105   0.106   0.106  -0.039   0.560  -0.213   0.622
  17.140    1.400    0.073   0.033   0.097   0.097   0.096  -0.052   0.621  -0.213   0.687
  17.160    1.467    0.063   0.029   0.088   0.088   0.088  -0.067   0.692  -0.209   0.744
  17.180    1.514    0.053   0.024   0.078   0.079   0.079  -0.086   0.747  -0.201   0.795
  17.200    1.553    0.047   0.021   0.072   0.072   0.073  -0.107   0.792  -0.191   0.830
  17.220    1.563    0.040   0.018   0.065   0.066   0.066  -0.128   0.820  -0.182   0.848
  17.240    1.560    0.036   0.016   0.061   0.061   0.062  -0.151   0.830  -0.169   0.863
  17.260    1.529    0.034   0.015   0.059   0.059   0.059  -0.174   0.822  -0.157   0.860
  17.280    1.481    0.035   0.016   0.059   0.058   0.059  -0.196   0.804  -0.147   0.839
  17.300    1.409    0.037   0.017   0.059   0.059   0.059  -0.213   0.764  -0.142   0.806
  17.320    1.321    0.041   0.019   0.062   0.062   0.062  -0.226   0.717  -0.142   0.763
  17.340    1.218    0.046   0.021   0.065   0.064   0.064  -0.235   0.653  -0.145   0.708
  17.360    1.109    0.051   0.023   0.068   0.069   0.069  -0.237   0.590  -0.154   0.646
  17.380    0.994    0.057   0.026   0.073   0.073   0.073  -0.235   0.522  -0.169   0.587
  17.400    0.882    0.062   0.029   0.076   0.077   0.077  -0.227   0.458  -0.188   0.531
  17.420    0.776    0.067   0.031   0.081   0.081   0.081  -0.213   0.391  -0.214   0.464
  17.440    0.674    0.071   0.033   0.083   0.083   0.083  -0.196   0.339  -0.241   0.418
  17.460    0.582    0.072   0.034   0.085   0.085   0.085  -0.175   0.297  -0.273   0.371
  17.480    0.505    0.073   0.034   0.086   0.085   0.085  -0.153   0.259  -0.304   0.338
  17.500    0.443    0.073   0.034   0.083   0.083   0.083  -0.130   0.238  -0.335   0.313
  17.520    0.399    0.070   0.032   0.082   0.082   0.082  -0.108   0.226  -0.361   0.298
  17.540    0.366    0.065   0.030   0.078   0.079   0.078  -0.087   0.216  -0.385   0.291
  17.560    0.351    0.060   0.028   0.074   0.074   0.074  -0.069   0.220  -0.398   0.292
  17.580    0.350    0.054   0.025   0.070   0.070   0.069  -0.053   0.229  -0.408   0.298
  17.600    0.361    0.048   0.022   0.065   0.064   0.064  -0.040   0.239  -0.407   0.309
  17.620    0.378    0.042   0.019   0.059   0.059   0.059  -0.029   0.252  -0.403   0.321
  17.640    0.405    0.037   0.017   0.056   0.055   0.055  -0.020   0.260  -0.389   0.330
  17.660    0.438    0.033   0.015   0.052   0.052   0.052  -0.014   0.272  -0.368   0.340
  17.680    0.475    0.030   0.013   0.050   0.050   0.050  -0.010   0.281  -0.343   0.350
  17.700    0.510    0.029   0.013   0.048   0.049   0.050  -0.006   0.284  -0.313   0.350
  17.720    0.533    0.030   0.013   0.049   0.050   0.049  -0.004   0.277  -0.288   0.347
  17.740    0.552    0.031   0.014   0.051   0.051   0.052  -0.003   0.273  -0.263   0.339
  17.760    0.565    0.035   0.016   0.055   0.053   0.053  -0.002   0.263  -0.240   0.327
  17.780    0.567    0.040   0.018   0.058   0.058   0.058  -0.001   0.251  -0.225   0.308
  17.800    0.561    0.046   0.021   0.061   0.063   0.062  -0.001   0.229  -0.213   0.288
  17.820    0.547    0.051   0.024   0.067   0.067   0.067  -0.001   0.212  -0.212   0.268
  17.840    0.523    0.057   0.026   0.072   0.072   0.071  -0.001   0.195  -0.216   0.245
  17.860    0.493    0.062   0.028   0.076   0.076   0.076  -0.002   0.177  -0.229   0.224
  17.880    0.454    0.066   0.031   0.079   0.079   0.079  -0.002   0.162  -0.249   0.210
  17.900    0.419    0.069   0.032   0.083   0.082   0.082  -0.004   0.152  -0.269   0.197
  17.920    0.382    0.071   0.033   0.084   0.083   0.083  -0.006   0.145  -0.297   0.187
  17.940    0.348    0.071   0.033   0.084   0.083   0.084  -0.010   0.145  -0.320   0.184
  17.960    0.316    0.070   0.033   0.083   0.083   0.082  -0.014   0.152  -0.347   0.184
  17.980    0.290    0.067   0.031   0.081   0.081   0.081  -0.020   0.159  -0.373   0.192
  18.000    0.274    0.063   0.029   0.079   0.079   0.079  -0.029   0.173  -0.390   0.204
  18.020    0.259    0.058   0.026   0.075   0.075   0.076  -0.039   0.187  -0.398   0.215
  18.040    0.256    0.054   0.025   0.073   0.073   0.073  -0.053   0.203  -0.403   0.229
  18.060    0.262    0.049   0.022   0.070   0.070   0.070  -0.069   0.221  -0.398   0.242
  18.080    0.277    0.045   0.021   0.068   0.068   0.068  -0.089   0.238  -0.385   0.256
  18.100    0.291    0.043   0.019   0.067   0.067   0.068  -0.110   0.251  -0.368   0.269
  18.120    0.315    0.042   0.019   0.068   0.069   0.069  -0.133   0.261  -0.345   0.277
  18.140    0.342    0.043   0.019   0.072   0.072   0.072  -0.158   0.265  -0.318   0.279
  18.160    0.373    0.047   0.021   0.075   0.076   0.075  -0.180   0.267  -0.289   0.286
  18.180    0.406    0.052   0.024   0.083   0.082   0.082  -0.203   0.263  -0.255   0.284
  18.200    0.443    0.060   0.028   0.090   0.091   0.090  -0.222   0.261  -0.228   0.279
  18.220    0.480    0.070   0.032   0.098   0.098   0.098  -0.237   0.248  -0.201   0.275
  18.240    0.525    0.081   0.037   0.109   0.108   0.109  -0.247   0.239  -0.180   0.268
  18.260    0.571    0.092   0.043   0.119   0.119   0.119  -0.250   0.228  -0.163   0.261
  18.280    0.616    0.104   0.047   0.128   0.127   0.128  -0.249   0.217  -0.150   0.255
  18.300    0.671    0.113   0.052   0.137   0.137   0.137  -0.240   0.213  -0.145   0.258
  18.320    0.724    0.121   0.057   0.143   0.144   0.145  -0.228   0.213  -0.143   0.265
  18.340    0.780    0.128   0.060   0.149   0.149   0.148  -0.209   0.221  -0.146   0.273
  18.360    0.841    0.131   0.061   0.151   0.152   0.152  -0.188   0.235  -0.153   0.290
  18.380    0.903    0.131   0.061   0.152   0.151   0.152  -0.164   0.256  -0.162   0.321
  18.400    0.970    0.129   0.060   0.150   0.149   0.151  -0.140   0.285  -0.172   0.355
  18.420    1.036    0.125   0.057   0.145   0.145   0.144  -0.117   0.327  -0.181   0.392
  18.440    1.103    0.114   0.053   0.139   0.138   0.138  -0.095   0.371  -0.186   0.435
  18.460    1.169    0.106   0.049   0.131   0.130   0.131  -0.075   0.416  -0.194   0.483
  18.480    1.227    0.095   0.043   0.121   0.120   0.120  -0.058   0.463  -0.194   0.528
  18.500    1.285    0.084   0.039   0.110   0.111   0.110  -0.044   0.510  -0.194   0.575
  18.520    1.327    0.072   0.033   0.101   0.101   0.100  -0.032   0.548  -0.190   0.610
  18.540    1.365    0.063   0.029   0.091   0.092   0.092  -0.023   0.586  -0.184   0.639
  18.560    1.388    0.054   0.025   0.083   0.084   0.084  -0.016   0.606  -0.177   0.664
  18.580    1.392    0.048   0.022   0.077   0.076   0.077  -0.011   0.619  -0.170   0.678
  18.600    1.381    0.044   0.019   0.071   0.071   0.071  -0.007   0.621  -0.165   0.681
  18.620    1.354    0.041   0.019   0.067   0.067   0.067  -0.005   0.612  -0.161   0.669
  18.640    1.308    0.041   0.018   0.065   0.064   0.065  -0.003   0.592  -0.164   0.650
  18.660    1.251    0.042   0.019   0.065   0.064   0.065  -0.002   0.564  -0.171   0.627
  18.680    1.183    0.045   0.021   0.066   0.065   0.064  -0.001   0.525  -0.184   0.600
  18.700    1.103    0.048   0.022   0.066   0.066   0.067  -0.001   0.490  -0.205   0.564
  18.720    1.021    0.053   0.024   0.069   0.068   0.068  -0.001   0.451  -0.231   0.531
  18.740    0.941    0.056   0.026   0.069   0.070   0.070  -0.001   0.421  -0.266   0.502
  18.760    0.864    0.059   0.027   0.071   0.072   0.072  -0.002   0.393  -0.304   0.479
  18.780    0.800    0.061   0.029   0.073   0.072   0.073  -0.003   0.376  -0.345   0.464
  18.800    0.744    0.062   0.029   0.072   0.072   0.072  -0.005   0.369  -0.389   0.454
  18.820    0.712    0.061   0.029   0.071   0.070   0.071  -0.007   0.375  -0.427   0.464
  18.840    0.687    0.059   0.027   0.068   0.069   0.069  -0.011   0.387  -0.464   0.467
  18.860    0.683    0.056   0.026   0.065   0.066   0.065  -0.015   0.411  -0.494   0.493
  18.880    0.699    0.052   0.024   0.063   0.062   0.062  -0.020   0.444  -0.512   0.519
  18.900    0.723    0.047   0.021   0.057   0.056   0.057  -0.027   0.480  -0.524   0.549
  18.920    0.756    0.041   0.019   0.052   0.051   0.051  -0.036   0.522  -0.528   0.580
  18.940    0.796    0.035   0.016   0.046   0.046   0.046  -0.045   0.556  -0.518   0.612
  18.960    0.834    0.029   0.014   0.040   0.040   0.040  -0.056   0.590  -0.498   0.637
  18.980    0.869    0.024   0.011   0.034   0.034   0.034  -0.068   0.616  -0.470   0.662
  19.000    0.895    0.019   0.009   0.028   0.028   0.028  -0.079   0.630  -0.433   0.674
  19.020    0.904    0.015   0.007   0.024   0.024   0.023  -0.091   0.634  -0.397   0.676
  19.040    0.903    0.011   0.005   0.019   0.019   0.019  -0.102   0.626  -0.353   0.668
  19.060    0.881    0.008   0.004   0.015   0.015   0.015  -0.112   0.607  -0.314   0.653
  19.080    0.847    0.006   0.003   0.012   0.012   0.012  -0.119   0.578  -0.278   0.628
  19.100    0.804    0.004   0.002   0.009   0.009   0.009  -0.124   0.542  -0.242   0.597
  19.120    0.746    0.003   0.001   0.007   0.007   0.007  -0.125   0.500  -0.215   0.559
  19.140    0.689    0.002   0.001   0.005   0.005   0.005  -0.125   0.461  -0.191   0.526
  19.160    0.630    0.001   0.000   0.004   0.004   0.004  -0.120   0.421  -0.176   0.487
  19.180    0.576    0.001   0.000   0.003   0.003   0.003  -0.114   0.383  -0.166   0.456
  19.200    0.531    0.001   0.000   0.002   0.002   0.003  -0.104   0.354  -0.161   0.430
  19.220    0.500    0.001   0.000   0.002   0.002   0.002  -0.095   0.334  -0.162   0.411
  19.240    0.485    0.001   0.000   0.002   0.002   0.002  -0.082   0.321  -0.164   0.398
  19.260    0.487    0.001   0.000   0.003   0.003   0.003  -0.071   0.317  -0.166   0.399
  19.280    0.511    0.001   0.000   0.003   0.004   0.003  -0.060   0.322  -0.171   0.402
  19.300    0.541    0.002   0.001   0.004   0.004   0.004  -0.048   0.332  -0.173   0.410
  19.320    0.589    0.002   0.001   0.006   0.006   0.006  -0.038   0.350  -0.173   0.424
  19.340    0.644    0.003   0.001   0.008   0.008   0.008  -0.030   0.370  -0.172   0.441
  19.360    0.696    0.005   0.002   0.010   0.010   0.010  -0.023   0.390  -0.170   0.457
  19.380    0.749    0.007   0.003   0.013   0.013   0.013  -0.017   0.409  -0.162   0.474
  19.400    0.799    0.009   0.004   0.016   0.016   0.017  -0.012   0.425  -0.155   0.482
  19.420    0.841    0.012   0.006   0.021   0.020   0.020  -0.008   0.430  -0.146   0.490
  19.440    0.871    0.016   0.007   0.025   0.025   0.025  -0.006   0.430  -0.135   0.488
  19.460    0.896    0.021   0.009   0.030   0.030   0.029  -0.004   0.427  -0.125   0.488
  19.480    0.907    0.025   0.011   0.035   0.035   0.035  -0.003   0.415  -0.116   0.477
  19.500    0.906    0.030   0.014   0.040   0.040   0.040  -0.002   0.400  -0.110   0.461
  19.520    0.898    0.036   0.017   0.046   0.045   0.045  -0.002   0.377  -0.104   0.446
  19.540    0.882    0.040   0.019   0.051   0.050   0.051  -0.002   0.357  -0.101   0.425
  19.560    0.865    0.045   0.021   0.055   0.055   0.055  -0.002   0.336  -0.101   0.407
  19.580    0.841    0.050   0.023   0.059   0.060   0.059  -0.003   0.319  -0.105   0.385
  19.600    0.827    0.053   0.025   0.063   0.062   0.062  -0.005   0.306  -0.111   0.374
  19.620    0.810    0.056   0.026   0.064   0.064   0.064  -0.007   0.300  -0.118   0.365
  19.640    0.803    0.056   0.026   0.065   0.065   0.065  -0.011   0.300  -0.126   0.364
  19.660    0.806    0.056   0.026   0.066   0.066   0.066  -0.016   0.305  -0.134   0.374
  19.680    0.812    0.054   0.025   0.065   0.064   0.065  -0.022   0.320  -0.142   0.386
  19.700    0.824    0.052   0.024   0.063   0.064   0.063  -0.031   0.342  -0.152   0.402
  19.720    0.844    0.049   0.022   0.061   0.062   0.061  -0.041   0.366  -0.154   0.423
  19.740    0.865    0.045   0.021   0.059   0.058   0.059  -0.055   0.396  -0.156   0.442
  19.760    0.885    0.042   0.019   0.056   0.056   0.056  -0.070   0.425  -0.157   0.469
  19.780    0.902    0.038   0.017   0.054   0.055   0.054  -0.087   0.450  -0.156   0.487
  19.800    0.916    0.036   0.016   0.053   0.053   0.053  -0.106   0.472  -0.156   0.507
  19.820    0.913    0.034   0.015   0.052   0.052   0.052  -0.125   0.483  -0.154   0.515
  19.840    0.901    0.034   0.015   0.051   0.051   0.053  -0.145   0.485  -0.152   0.517
  19.860    0.879    0.034   0.016   0.052   0.053   0.052  -0.163   0.485  -0.154   0.514
  19.880    0.846    0.037   0.017   0.054   0.054   0.055  -0.179   0.473  -0.158   0.505
  19.900    0.797    0.040   0.018   0.057   0.057   0.057  -0.192   0.452  -0.166   0.482
  19.920    0.742    0.044   0.020   0.060   0.060   0.060  -0.201   0.425  -0.180   0.462
  19.940    0.675    0.047   0.022   0.063   0.063   0.063  -0.205   0.395  -0.200   0.430
  19.960    0.609    0.052   0.024   0.067   0.068   0.067  -0.203   0.357  -0.224   0.401
  19.980    0.530    0.056   0.026   0.071   0.070   0.070  -0.198   0.324  -0.255   0.363
  20.000    0.455    0.060   0.028   0.073   0.072   0.073  -0.187   0.289  -0.288   0.335
  20.020    0.383    0.062   0.029   0.076   0.075   0.076  -0.173   0.255  -0.324   0.304
  20.040    0.316    0.064   0.030   0.077   0.076   0.077  -0.155   0.230  -0.361   0.278
  20.060    0.261    0.064   0.030   0.078   0.078   0.077  -0.137   0.210  -0.395   0.256
  20.080    0.211    0.063   0.029   0.077   0.078   0.078  -0.118   0.192  -0.423   0.238
  20.100    0.178    0.061   0.028   0.077   0.077   0.077  -0.098   0.184  -0.449   0.225
  20.120    0.162    0.058   0.027   0.077   0.076   0.077  -0.080   0.177  -0.463   0.216
  20.140    0.153    0.056   0.025   0.076   0.076   0.075  -0.064   0.175  -0.473   0.210
  20.160    0.165    0.053   0.024   0.076   0.076   0.075  -0.049   0.177  -0.472   0.207
  20.180    0.189    0.052   0.024   0.076   0.077   0.076  -0.037   0.177  -0.461   0.205
  20.200    0.226    0.052   0.023   0.079   0.079   0.079  -0.027   0.182  -0.444   0.205
  20.220    0.267    0.052   0.024   0.081   0.082   0.082  -0.020   0.182  -0.422   0.204
  20.240    0.325    0.057   0.026   0.086   0.087   0.087  -0.014   0.184  -0.390   0.204
  20.260    0.381    0.062   0.028   0.093   0.092   0.093  -0.010   0.180  -0.358   0.200
  20.280    0.445    0.070   0.031   0.100   0.099   0.100  -0.006   0.177  -0.326   0.197
  20.300    0.508    0.079   0.036   0.107   0.108   0.109  -0.004   0.174  -0.295   0.194
  20.320    0.566    0.088   0.041   0.117   0.118   0.117  -0.003   0.166  -0.268   0.189
  20.340    0.616    0.099   0.045   0.126   0.127   0.126  -0.003   0.158  -0.244   0.184
  20.360    0.660    0.109   0.050   0.135   0.135   0.135  -0.003   0.152  -0.227   0.178
  20.380    0.696    0.117   0.054   0.142   0.142   0.142  -0.004   0.149  -0.216   0.178
  20.400    0.721    0.125   0.058   0.148   0.148   0.147  -0.005   0.146  -0.209   0.177
  20.420    0.739    0.129   0.060   0.152   0.151   0.151  -0.008   0.144  -0.206   0.178
  20.440    0.748    0.130   0.061   0.153   0.153   0.153  -0.011   0.146  -0.209   0.183
  20.460    0.749    0.130   0.060   0.152   0.153   0.151  -0.016   0.152  -0.212   0.190
  20.480    0.741    0.127   0.059   0.148   0.148   0.148  -0.022   0.161  -0.218   0.203
