 Substance:BTO_500K       2023/01/04 17:27:35                     
 Input files: ./data/BTO500c_n0001.dat to ./data/BTO500c_n0001.dat step           1
 Supercell size:          50
 Integration Monte Carlo     100000000 cell pairs
 Atoms/unit_cell:           5
 Atoms  :    Ba      Ti      O1      O2      O3  
 Atom no.        1       2       3       4       5
 Occup's:   1.0000  1.0000  1.0000  1.0000  1.0000
 at_weights:   1.0000  1.0000  1.0000  1.0000  1.0000
 Masks	:        1       1       1       1       1

 Atom pair partials:
                       1       2       3       4       5       1       1       2       3
                       1       2       3       4       5       2       3       3       4
   r(A^)   PDF_tot   PDF partials (cf. above)
   0.020    0.000    0.000   0.000   0.000   0.000   0.000   0.000   0.000   0.000   0.000
   0.040    0.000    0.000   0.000   0.000   0.000   0.000   0.000   0.000   0.000   0.000
   0.060    0.000    0.000   0.000   0.000   0.000   0.000   0.000   0.000   0.000   0.000
   0.080    0.000    0.000   0.000   0.000   0.000   0.000   0.000   0.000   0.000   0.000
   0.100    0.000    0.000   0.000   0.000   0.000   0.000   0.000   0.000   0.000   0.000
   0.120    0.000    0.000   0.000   0.000   0.000   0.000   0.000   0.000   0.000   0.000
   0.140    0.000    0.000   0.000   0.000   0.000   0.000   0.000   0.000   0.000   0.000
   0.160    0.000    0.000   0.000   0.000   0.000   0.000   0.000   0.000   0.000   0.000
   0.180    0.000    0.000   0.000   0.000   0.000   0.000   0.000   0.000   0.000   0.000
   0.200    0.000    0.000   0.000   0.000   0.000   0.000   0.000   0.000   0.000   0.000
   0.220    0.000    0.000   0.000   0.000   0.000   0.000   0.000   0.000   0.000   0.000
   0.240    0.000    0.000   0.000   0.000   0.000   0.000   0.000   0.000   0.000   0.000
   0.260    0.000    0.000   0.000   0.000   0.000   0.000   0.000   0.000   0.000   0.000
   0.280    0.000    0.000   0.000   0.000   0.000   0.000   0.000   0.000   0.000   0.000
   0.300    0.000    0.000   0.000   0.000   0.000   0.000   0.000   0.000   0.000   0.000
   0.320    0.000    0.000   0.000   0.000   0.000   0.000   0.000   0.000   0.000   0.000
   0.340    0.000    0.000   0.000   0.000   0.000   0.000   0.000   0.000   0.000   0.000
   0.360    0.000    0.000   0.000   0.000   0.000   0.000   0.000   0.000   0.000   0.000
   0.380    0.000    0.000   0.000   0.000   0.000   0.000   0.000   0.000   0.000   0.000
   0.400    0.000    0.000   0.000   0.000   0.000   0.000   0.000   0.000   0.000   0.000
   0.420    0.000    0.000   0.000   0.000   0.000   0.000   0.000   0.000   0.000   0.000
   0.440    0.000    0.000   0.000   0.000   0.000   0.000   0.000   0.000   0.000   0.000
   0.460    0.000    0.000   0.000   0.000   0.000   0.000   0.000   0.000   0.000   0.000
   0.480    0.000    0.000   0.000   0.000   0.000   0.000   0.000   0.000   0.000   0.000
   0.500    0.000    0.000   0.000   0.000   0.000   0.000   0.000   0.000   0.000   0.000
   0.520    0.000    0.000   0.000   0.000   0.000   0.000   0.000   0.000   0.000   0.000
   0.540    0.000    0.000   0.000   0.000   0.000   0.000   0.000   0.000   0.000   0.000
   0.560    0.000    0.000   0.000   0.000   0.000   0.000   0.000   0.000   0.000   0.000
   0.580    0.000    0.000   0.000   0.000   0.000   0.000   0.000   0.000   0.000   0.000
   0.600    0.000    0.000   0.000   0.000   0.000   0.000   0.000   0.000   0.000   0.000
   0.620    0.000    0.000   0.000   0.000   0.000   0.000   0.000   0.000   0.000   0.000
   0.640    0.000    0.000   0.000   0.000   0.000   0.000   0.000   0.000   0.000   0.000
   0.660    0.000    0.000   0.000   0.000   0.000   0.000   0.000   0.000   0.000   0.000
   0.680    0.000    0.000   0.000   0.000   0.000   0.000   0.000   0.000   0.000   0.000
   0.700    0.000    0.000   0.000   0.000   0.000   0.000   0.000   0.000   0.000   0.000
   0.720    0.000    0.000   0.000   0.000   0.000   0.000   0.000   0.000   0.000   0.000
   0.740    0.000    0.000   0.000   0.000   0.000   0.000   0.000   0.000   0.000   0.000
   0.760    0.000    0.000   0.000   0.000   0.000   0.000   0.000   0.000   0.000   0.000
   0.780    0.000    0.000   0.000   0.000   0.000   0.000   0.000   0.000   0.000   0.000
   0.800    0.000    0.000   0.000   0.000   0.000   0.000   0.000   0.000   0.000   0.000
   0.820    0.000    0.000   0.000   0.000   0.000   0.000   0.000   0.000   0.000   0.000
   0.840    0.000    0.000   0.000   0.000   0.000   0.000   0.000   0.000   0.000   0.000
   0.860    0.000    0.000   0.000   0.000   0.000   0.000   0.000   0.000   0.000   0.000
   0.880    0.000    0.000   0.000   0.000   0.000   0.000   0.000   0.000   0.000   0.000
   0.900    0.000    0.000   0.000   0.000   0.000   0.000   0.000   0.000   0.000   0.000
   0.920    0.000    0.000   0.000   0.000   0.000   0.000   0.000   0.000   0.000   0.000
   0.940    0.000    0.000   0.000   0.000   0.000   0.000   0.000   0.000   0.000   0.000
   0.960    0.000    0.000   0.000   0.000   0.000   0.000   0.000   0.000   0.000   0.000
   0.980    0.000    0.000   0.000   0.000   0.000   0.000   0.000   0.000   0.000   0.000
   1.000    0.000    0.000   0.000   0.000   0.000   0.000   0.000   0.000   0.000   0.000
   1.020    0.000    0.000   0.000   0.000   0.000   0.000   0.000   0.000   0.000   0.000
   1.040    0.000    0.000   0.000   0.000   0.000   0.000   0.000   0.000   0.000   0.000
   1.060    0.000    0.000   0.000   0.000   0.000   0.000   0.000   0.000   0.000   0.000
   1.080    0.000    0.000   0.000   0.000   0.000   0.000   0.000   0.000   0.000   0.000
   1.100    0.000    0.000   0.000   0.000   0.000   0.000   0.000   0.000   0.000   0.000
   1.120    0.000    0.000   0.000   0.000   0.000   0.000   0.000   0.000   0.000   0.000
   1.140    0.000    0.000   0.000   0.000   0.000   0.000   0.000   0.000   0.000   0.000
   1.160    0.000    0.000   0.000   0.000   0.000   0.000   0.000   0.000   0.000   0.000
   1.180    0.000    0.000   0.000   0.000   0.000   0.000   0.000   0.000   0.000   0.000
   1.200    0.000    0.000   0.000   0.000   0.000   0.000   0.000   0.000   0.000   0.000
   1.220    0.000    0.000   0.000   0.000   0.000   0.000   0.000   0.000   0.000   0.000
   1.240    0.000    0.000   0.000   0.000   0.000   0.000   0.000   0.000   0.000   0.000
   1.260    0.000    0.000   0.000   0.000   0.000   0.000   0.000   0.000   0.000   0.000
   1.280    0.000    0.000   0.000   0.000   0.000   0.000   0.000   0.000   0.000   0.000
   1.300    0.000    0.000   0.000   0.000   0.000   0.000   0.000   0.000   0.000   0.000
   1.320    0.000    0.000   0.000   0.000   0.000   0.000   0.000   0.000   0.000   0.000
   1.340    0.000    0.000   0.000   0.000   0.000   0.000   0.000   0.000   0.000   0.000
   1.360    0.000    0.000   0.000   0.000   0.000   0.000   0.000   0.000   0.000   0.000
   1.380    0.000    0.000   0.000   0.000   0.000   0.000   0.000   0.000   0.000   0.000
   1.400    0.000    0.000   0.000   0.000   0.000   0.000   0.000   0.000   0.000   0.000
   1.420    0.000    0.000   0.000   0.000   0.000   0.000   0.000   0.000   0.000   0.000
   1.440    0.000    0.000   0.000   0.000   0.000   0.000   0.000   0.000   0.000   0.000
   1.460    0.000    0.000   0.000   0.000   0.000   0.000   0.000   0.000   0.000   0.000
   1.480    0.000    0.000   0.000   0.000   0.000   0.000   0.000   0.000   0.000   0.000
   1.500    0.000    0.000   0.000   0.000   0.000   0.000   0.000   0.000   0.000   0.000
   1.520    0.000    0.000   0.000   0.000   0.000   0.000   0.000   0.000   0.000   0.000
   1.540    0.000    0.000   0.000   0.000   0.000   0.000   0.000   0.000   0.000   0.000
   1.560    0.000    0.000   0.000   0.000   0.000   0.000   0.000   0.000   0.000   0.000
   1.580    0.000    0.000   0.000   0.000   0.000   0.000   0.000   0.000   0.001   0.000
   1.600    0.000    0.000   0.000   0.000   0.000   0.000   0.000   0.000   0.000   0.000
   1.620    0.001    0.000   0.000   0.000   0.000   0.000   0.000   0.000   0.000   0.000
   1.640    0.002    0.000   0.000   0.000   0.000   0.000   0.000   0.000   0.001   0.000
   1.660    0.003    0.000   0.000   0.000   0.000   0.000   0.000   0.000   0.005   0.000
   1.680    0.011    0.000   0.000   0.000   0.000   0.000   0.000   0.000   0.012   0.000
   1.700    0.024    0.000   0.000   0.000   0.000   0.000   0.000   0.000   0.024   0.000
   1.720    0.044    0.000   0.000   0.000   0.000   0.000   0.000   0.000   0.044   0.000
   1.740    0.090    0.000   0.000   0.000   0.000   0.000   0.000   0.000   0.098   0.000
   1.760    0.155    0.000   0.000   0.000   0.000   0.000   0.000   0.000   0.160   0.000
   1.780    0.257    0.000   0.000   0.000   0.000   0.000   0.000   0.000   0.264   0.000
   1.800    0.363    0.000   0.000   0.000   0.000   0.000   0.000   0.000   0.373   0.000
   1.820    0.496    0.000   0.000   0.000   0.000   0.000   0.000   0.000   0.479   0.000
   1.840    0.618    0.000   0.000   0.000   0.000   0.000   0.000   0.000   0.634   0.000
   1.860    0.720    0.000   0.000   0.000   0.000   0.000   0.000   0.000   0.747   0.000
   1.880    0.796    0.000   0.000   0.000   0.000   0.000   0.000   0.000   0.797   0.000
   1.900    0.841    0.000   0.000   0.000   0.000   0.000   0.000   0.000   0.862   0.000
   1.920    0.864    0.000   0.000   0.000   0.000   0.000   0.000   0.000   0.867   0.000
   1.940    0.859    0.000   0.000   0.000   0.000   0.000   0.000   0.000   0.866   0.000
   1.960    0.835    0.000   0.000   0.000   0.000   0.000   0.000   0.000   0.862   0.000
   1.980    0.829    0.000   0.000   0.000   0.000   0.000   0.000   0.000   0.874   0.000
   2.000    0.771    0.000   0.000   0.000   0.000   0.000   0.000   0.000   0.789   0.000
   2.020    0.757    0.000   0.000   0.000   0.000   0.000   0.000   0.000   0.778   0.000
   2.040    0.705    0.000   0.000   0.000   0.000   0.000   0.000   0.000   0.718   0.000
   2.060    0.668    0.000   0.000   0.000   0.000   0.000   0.000   0.000   0.678   0.000
   2.080    0.617    0.000   0.000   0.000   0.000   0.000   0.000   0.000   0.625   0.000
   2.100    0.581    0.000   0.000   0.000   0.000   0.000   0.000   0.000   0.614   0.000
   2.120    0.535    0.000   0.000   0.000   0.000   0.000   0.000   0.000   0.551   0.000
   2.140    0.468    0.000   0.000   0.000   0.000   0.000   0.000   0.000   0.487   0.000
   2.160    0.396    0.000   0.000   0.000   0.000   0.000   0.000   0.000   0.417   0.000
   2.180    0.349    0.000   0.000   0.000   0.000   0.000   0.000   0.000   0.349   0.000
   2.200    0.293    0.000   0.000   0.000   0.000   0.000   0.000   0.000   0.290   0.000
   2.220    0.236    0.000   0.000   0.000   0.000   0.000   0.000   0.000   0.241   0.000
   2.240    0.192    0.000   0.000   0.000   0.000   0.000   0.000   0.000   0.194   0.000
   2.260    0.149    0.000   0.000   0.000   0.000   0.000   0.000   0.000   0.157   0.000
   2.280    0.112    0.000   0.000   0.000   0.000   0.000   0.000   0.000   0.117   0.000
   2.300    0.086    0.000   0.000   0.000   0.000   0.000   0.000   0.000   0.082   0.000
   2.320    0.067    0.000   0.000   0.000   0.000   0.000   0.000   0.000   0.070   0.000
   2.340    0.045    0.000   0.000   0.000   0.000   0.000   0.000   0.000   0.044   0.000
   2.360    0.033    0.000   0.000   0.000   0.000   0.000   0.000   0.000   0.035   0.000
   2.380    0.026    0.000   0.000   0.000   0.000   0.000   0.000   0.001   0.025   0.000
   2.400    0.019    0.000   0.000   0.000   0.000   0.000   0.000   0.002   0.016   0.001
   2.420    0.016    0.000   0.000   0.000   0.000   0.000   0.000   0.003   0.009   0.002
   2.440    0.017    0.000   0.000   0.000   0.000   0.000   0.000   0.007   0.010   0.004
   2.460    0.024    0.000   0.000   0.000   0.000   0.000   0.000   0.011   0.004   0.008
   2.480    0.037    0.000   0.000   0.000   0.000   0.000   0.000   0.020   0.003   0.016
   2.500    0.063    0.000   0.000   0.000   0.000   0.000   0.000   0.033   0.001   0.025
   2.520    0.095    0.000   0.000   0.000   0.000   0.000   0.000   0.052   0.001   0.036
   2.540    0.149    0.000   0.000   0.000   0.000   0.000   0.000   0.077   0.001   0.071
   2.560    0.230    0.000   0.000   0.000   0.000   0.000   0.000   0.117   0.000   0.115
   2.580    0.335    0.000   0.000   0.000   0.000   0.000   0.000   0.173   0.000   0.162
   2.600    0.491    0.000   0.000   0.000   0.000   0.000   0.000   0.259   0.000   0.233
   2.620    0.668    0.000   0.000   0.000   0.000   0.000   0.000   0.350   0.000   0.317
   2.640    0.882    0.000   0.000   0.000   0.000   0.000   0.000   0.452   0.000   0.419
   2.660    1.124    0.000   0.000   0.000   0.000   0.000   0.000   0.568   0.000   0.548
   2.680    1.431    0.000   0.000   0.000   0.000   0.000   0.000   0.706   0.000   0.716
   2.700    1.696    0.000   0.000   0.000   0.000   0.000   0.000   0.836   0.000   0.845
   2.720    1.990    0.000   0.000   0.000   0.000   0.000   0.000   0.977   0.000   0.991
   2.740    2.267    0.000   0.000   0.000   0.000   0.000   0.000   1.098   0.000   1.142
   2.760    2.497    0.000   0.000   0.000   0.000   0.000   0.000   1.229   0.000   1.279
   2.780    2.695    0.000   0.000   0.000   0.000   0.000   0.000   1.311   0.000   1.376
   2.800    2.807    0.000   0.000   0.000   0.000   0.000   0.000   1.354   0.000   1.422
   2.820    2.857    0.000   0.000   0.000   0.000   0.000   0.000   1.383   0.000   1.465
   2.840    2.842    0.000   0.000   0.000   0.000   0.000   0.000   1.400   0.000   1.454
   2.860    2.724    0.000   0.000   0.000   0.000   0.000   0.000   1.319   0.000   1.389
   2.880    2.566    0.000   0.000   0.000   0.000   0.000   0.000   1.247   0.000   1.312
   2.900    2.349    0.000   0.000   0.000   0.000   0.000   0.000   1.159   0.000   1.171
   2.920    2.130    0.000   0.000   0.000   0.000   0.000   0.000   1.031   0.000   1.060
   2.940    1.847    0.000   0.000   0.000   0.000   0.000   0.000   0.892   0.000   0.924
   2.960    1.580    0.000   0.000   0.000   0.000   0.000   0.000   0.779   0.000   0.808
   2.980    1.325    0.000   0.000   0.000   0.000   0.000   0.000   0.660   0.000   0.678
   3.000    1.077    0.000   0.000   0.000   0.000   0.000   0.000   0.522   0.000   0.542
   3.020    0.872    0.000   0.000   0.000   0.000   0.000   0.000   0.432   0.000   0.446
   3.040    0.675    0.000   0.000   0.000   0.000   0.000   0.000   0.329   0.000   0.331
   3.060    0.523    0.000   0.000   0.000   0.000   0.000   0.000   0.260   0.000   0.259
   3.080    0.391    0.000   0.000   0.000   0.000   0.000   0.000   0.203   0.000   0.194
   3.100    0.283    0.000   0.000   0.000   0.000   0.000   0.000   0.137   0.000   0.138
   3.120    0.206    0.000   0.000   0.000   0.000   0.000   0.001   0.102   0.000   0.107
   3.140    0.148    0.000   0.000   0.000   0.000   0.000   0.002   0.077   0.000   0.066
   3.160    0.106    0.000   0.000   0.000   0.000   0.000   0.004   0.048   0.000   0.050
   3.180    0.075    0.000   0.000   0.000   0.000   0.000   0.009   0.035   0.000   0.030
   3.200    0.062    0.000   0.000   0.000   0.000   0.000   0.018   0.022   0.000   0.022
   3.220    0.061    0.000   0.000   0.000   0.000   0.000   0.032   0.016   0.000   0.016
   3.240    0.076    0.000   0.000   0.000   0.000   0.000   0.057   0.009   0.000   0.008
   3.260    0.105    0.000   0.000   0.000   0.000   0.000   0.094   0.005   0.001   0.006
   3.280    0.156    0.000   0.000   0.000   0.000   0.000   0.150   0.003   0.001   0.004
   3.300    0.221    0.000   0.000   0.000   0.000   0.000   0.216   0.002   0.001   0.002
   3.320    0.314    0.000   0.000   0.000   0.000   0.000   0.311   0.001   0.002   0.001
   3.340    0.411    0.000   0.000   0.000   0.000   0.000   0.409   0.001   0.002   0.001
   3.360    0.517    0.000   0.000   0.000   0.000   0.000   0.515   0.001   0.002   0.000
   3.380    0.619    0.000   0.000   0.000   0.000   0.000   0.618   0.000   0.003   0.000
   3.400    0.727    0.000   0.000   0.000   0.000   0.000   0.726   0.000   0.004   0.000
   3.420    0.814    0.000   0.000   0.000   0.000   0.000   0.812   0.000   0.004   0.000
   3.440    0.855    0.000   0.000   0.000   0.000   0.000   0.853   0.000   0.004   0.000
   3.460    0.888    0.000   0.000   0.000   0.000   0.000   0.887   0.000   0.004   0.000
   3.480    0.879    0.000   0.000   0.000   0.000   0.000   0.877   0.000   0.005   0.000
   3.500    0.843    0.000   0.000   0.000   0.001   0.000   0.841   0.000   0.003   0.000
   3.520    0.767    0.000   0.000   0.001   0.001   0.000   0.764   0.000   0.004   0.000
   3.540    0.684    0.000   0.000   0.001   0.001   0.001   0.680   0.000   0.003   0.000
   3.560    0.580    0.000   0.000   0.001   0.001   0.001   0.576   0.000   0.003   0.000
   3.580    0.482    0.000   0.000   0.002   0.003   0.002   0.474   0.000   0.002   0.000
   3.600    0.393    0.000   0.000   0.003   0.003   0.003   0.382   0.000   0.002   0.000
   3.620    0.307    0.001   0.000   0.005   0.005   0.005   0.291   0.000   0.001   0.000
   3.640    0.240    0.002   0.000   0.006   0.007   0.007   0.218   0.000   0.001   0.000
   3.660    0.191    0.003   0.000   0.009   0.010   0.008   0.161   0.000   0.001   0.000
   3.680    0.155    0.005   0.001   0.012   0.013   0.013   0.112   0.000   0.001   0.000
   3.700    0.133    0.006   0.001   0.016   0.016   0.016   0.076   0.000   0.001   0.000
   3.720    0.130    0.011   0.002   0.022   0.021   0.022   0.052   0.000   0.000   0.000
   3.740    0.140    0.017   0.005   0.028   0.030   0.030   0.031   0.000   0.000   0.000
   3.760    0.160    0.026   0.008   0.036   0.036   0.035   0.019   0.000   0.000   0.000
   3.780    0.201    0.037   0.015   0.045   0.047   0.046   0.011   0.000   0.000   0.000
   3.800    0.258    0.052   0.025   0.056   0.059   0.058   0.007   0.000   0.000   0.000
   3.820    0.333    0.069   0.042   0.073   0.071   0.075   0.003   0.000   0.000   0.000
   3.840    0.429    0.093   0.065   0.090   0.088   0.091   0.002   0.000   0.000   0.000
   3.860    0.546    0.117   0.090   0.113   0.112   0.113   0.001   0.000   0.000   0.000
   3.880    0.677    0.145   0.128   0.134   0.138   0.132   0.000   0.000   0.000   0.000
   3.900    0.818    0.173   0.162   0.161   0.161   0.160   0.000   0.000   0.000   0.000
   3.920    0.961    0.195   0.207   0.188   0.187   0.184   0.000   0.000   0.000   0.000
   3.940    1.096    0.218   0.247   0.209   0.211   0.211   0.000   0.000   0.000   0.000
   3.960    1.199    0.237   0.279   0.229   0.227   0.227   0.000   0.000   0.000   0.000
   3.980    1.272    0.251   0.306   0.238   0.237   0.239   0.000   0.000   0.001   0.000
   4.000    1.300    0.256   0.320   0.240   0.244   0.240   0.000   0.000   0.002   0.000
   4.020    1.283    0.251   0.314   0.242   0.237   0.237   0.000   0.000   0.003   0.000
   4.040    1.222    0.240   0.295   0.227   0.227   0.228   0.000   0.000   0.006   0.000
   4.060    1.144    0.226   0.270   0.214   0.213   0.213   0.000   0.000   0.007   0.000
   4.080    1.033    0.208   0.228   0.195   0.192   0.196   0.000   0.000   0.014   0.000
   4.100    0.901    0.182   0.193   0.169   0.167   0.170   0.000   0.000   0.022   0.000
   4.120    0.779    0.155   0.151   0.149   0.145   0.149   0.000   0.000   0.033   0.000
   4.140    0.666    0.130   0.115   0.123   0.124   0.123   0.000   0.000   0.052   0.000
   4.160    0.579    0.107   0.086   0.104   0.106   0.102   0.000   0.000   0.078   0.000
   4.180    0.512    0.084   0.061   0.086   0.087   0.085   0.000   0.000   0.111   0.000
   4.200    0.469    0.064   0.040   0.070   0.069   0.070   0.000   0.000   0.154   0.000
   4.220    0.441    0.046   0.026   0.054   0.054   0.055   0.000   0.000   0.204   0.001
   4.240    0.460    0.033   0.016   0.043   0.044   0.043   0.000   0.000   0.284   0.001
   4.260    0.496    0.025   0.010   0.033   0.034   0.033   0.000   0.000   0.361   0.001
   4.280    0.562    0.017   0.005   0.025   0.026   0.026   0.000   0.000   0.464   0.001
   4.300    0.659    0.011   0.003   0.019   0.019   0.020   0.000   0.000   0.586   0.001
   4.320    0.755    0.008   0.002   0.013   0.015   0.014   0.000   0.000   0.709   0.002
   4.340    0.867    0.004   0.001   0.011   0.010   0.010   0.000   0.000   0.824   0.001
   4.360    0.976    0.003   0.000   0.008   0.008   0.008   0.000   0.000   0.941   0.003
   4.380    1.102    0.002   0.000   0.006   0.005   0.006   0.000   0.000   1.079   0.003
   4.400    1.206    0.001   0.000   0.004   0.004   0.004   0.000   0.000   1.186   0.004
   4.420    1.292    0.001   0.000   0.003   0.003   0.003   0.000   0.000   1.261   0.005
   4.440    1.370    0.000   0.000   0.002   0.002   0.002   0.000   0.001   1.359   0.008
   4.460    1.407    0.000   0.000   0.001   0.002   0.001   0.000   0.002   1.389   0.010
   4.480    1.424    0.000   0.000   0.001   0.001   0.001   0.000   0.003   1.404   0.014
   4.500    1.413    0.000   0.000   0.000   0.001   0.000   0.000   0.005   1.392   0.021
   4.520    1.368    0.000   0.000   0.000   0.000   0.000   0.000   0.009   1.331   0.029
   4.540    1.304    0.000   0.000   0.000   0.000   0.000   0.000   0.014   1.241   0.040
   4.560    1.239    0.000   0.000   0.000   0.000   0.000   0.000   0.025   1.161   0.058
   4.580    1.147    0.000   0.000   0.000   0.000   0.000   0.000   0.038   1.036   0.079
   4.600    1.080    0.000   0.000   0.000   0.000   0.000   0.000   0.057   0.925   0.106
   4.620    1.012    0.000   0.000   0.000   0.000   0.000   0.000   0.087   0.786   0.141
   4.640    0.980    0.000   0.000   0.000   0.000   0.000   0.000   0.123   0.667   0.191
   4.660    0.966    0.000   0.000   0.000   0.000   0.000   0.000   0.169   0.554   0.241
   4.680    0.989    0.000   0.000   0.000   0.000   0.000   0.000   0.243   0.437   0.305
   4.700    1.050    0.000   0.000   0.000   0.000   0.000   0.000   0.317   0.354   0.382
   4.720    1.135    0.000   0.000   0.000   0.000   0.000   0.000   0.416   0.270   0.452
   4.740    1.268    0.000   0.000   0.000   0.000   0.000   0.000   0.517   0.201   0.547
   4.760    1.419    0.000   0.000   0.000   0.000   0.000   0.000   0.633   0.156   0.635
   4.780    1.583    0.000   0.000   0.000   0.000   0.000   0.000   0.755   0.109   0.724
   4.800    1.766    0.000   0.000   0.000   0.000   0.000   0.000   0.872   0.080   0.820
   4.820    1.928    0.000   0.000   0.000   0.000   0.000   0.000   0.983   0.054   0.890
   4.840    2.071    0.000   0.000   0.000   0.000   0.000   0.000   1.078   0.035   0.962
   4.860    2.196    0.000   0.000   0.000   0.000   0.000   0.000   1.169   0.025   1.013
   4.880    2.272    0.000   0.000   0.000   0.000   0.000   0.000   1.199   0.017   1.056
   4.900    2.307    0.000   0.000   0.000   0.000   0.000   0.000   1.240   0.010   1.064
   4.920    2.296    0.000   0.000   0.000   0.000   0.000   0.000   1.240   0.006   1.066
   4.940    2.220    0.000   0.000   0.000   0.000   0.000   0.000   1.182   0.004   1.044
   4.960    2.106    0.000   0.000   0.000   0.000   0.000   0.000   1.119   0.002   0.997
   4.980    1.950    0.000   0.000   0.000   0.000   0.000   0.000   1.026   0.002   0.932
   5.000    1.776    0.000   0.000   0.000   0.000   0.000   0.000   0.916   0.001   0.863
   5.020    1.582    0.000   0.000   0.000   0.000   0.000   0.000   0.802   0.000   0.768
   5.040    1.381    0.000   0.000   0.000   0.000   0.000   0.000   0.694   0.000   0.694
   5.060    1.171    0.000   0.000   0.000   0.000   0.000   0.000   0.574   0.000   0.593
   5.080    0.973    0.000   0.000   0.000   0.000   0.000   0.000   0.475   0.000   0.506
   5.100    0.803    0.000   0.000   0.000   0.000   0.000   0.000   0.383   0.000   0.422
   5.120    0.647    0.000   0.000   0.000   0.000   0.000   0.000   0.295   0.000   0.353
   5.140    0.508    0.000   0.000   0.000   0.000   0.000   0.000   0.233   0.000   0.278
   5.160    0.389    0.000   0.000   0.000   0.000   0.000   0.000   0.168   0.000   0.221
   5.180    0.294    0.000   0.000   0.000   0.000   0.000   0.000   0.124   0.000   0.168
   5.200    0.218    0.000   0.000   0.001   0.000   0.001   0.000   0.089   0.000   0.127
   5.220    0.162    0.000   0.000   0.001   0.001   0.001   0.000   0.060   0.000   0.096
   5.240    0.118    0.000   0.000   0.001   0.002   0.002   0.000   0.044   0.000   0.070
   5.260    0.087    0.001   0.000   0.002   0.002   0.003   0.000   0.029   0.000   0.053
   5.280    0.066    0.001   0.001   0.004   0.004   0.004   0.000   0.018   0.000   0.034
   5.300    0.057    0.002   0.001   0.006   0.006   0.006   0.000   0.012   0.000   0.025
   5.320    0.053    0.003   0.002   0.008   0.008   0.008   0.000   0.008   0.000   0.016
   5.340    0.062    0.005   0.004   0.012   0.013   0.012   0.000   0.005   0.000   0.011
   5.360    0.078    0.008   0.007   0.017   0.018   0.018   0.000   0.003   0.000   0.007
   5.380    0.102    0.013   0.011   0.024   0.024   0.024   0.000   0.002   0.000   0.004
   5.400    0.137    0.019   0.017   0.033   0.033   0.032   0.000   0.001   0.000   0.003
   5.420    0.181    0.027   0.025   0.041   0.042   0.043   0.000   0.000   0.000   0.002
   5.440    0.243    0.039   0.037   0.055   0.055   0.055   0.000   0.000   0.000   0.001
   5.460    0.308    0.053   0.048   0.070   0.068   0.069   0.000   0.000   0.000   0.000
   5.480    0.387    0.070   0.066   0.084   0.083   0.084   0.000   0.000   0.000   0.000
   5.500    0.480    0.090   0.088   0.099   0.101   0.102   0.000   0.000   0.000   0.000
   5.520    0.587    0.114   0.110   0.120   0.121   0.121   0.000   0.000   0.000   0.000
   5.540    0.690    0.138   0.137   0.139   0.139   0.136   0.000   0.000   0.001   0.000
   5.560    0.792    0.159   0.159   0.157   0.157   0.158   0.000   0.000   0.002   0.000
   5.580    0.891    0.183   0.188   0.172   0.172   0.173   0.000   0.000   0.003   0.000
   5.600    0.979    0.208   0.210   0.185   0.187   0.185   0.000   0.000   0.005   0.000
   5.620    1.052    0.220   0.231   0.199   0.198   0.195   0.000   0.000   0.009   0.000
   5.640    1.099    0.235   0.238   0.203   0.204   0.206   0.000   0.000   0.015   0.000
   5.660    1.131    0.240   0.244   0.211   0.207   0.206   0.000   0.000   0.022   0.000
   5.680    1.146    0.241   0.247   0.206   0.208   0.207   0.000   0.000   0.038   0.000
   5.700    1.127    0.229   0.238   0.201   0.201   0.203   0.000   0.000   0.055   0.000
   5.720    1.098    0.219   0.223   0.193   0.191   0.192   0.000   0.000   0.078   0.000
   5.740    1.052    0.200   0.203   0.179   0.177   0.176   0.000   0.000   0.115   0.000
   5.760    1.008    0.179   0.179   0.163   0.164   0.162   0.000   0.000   0.166   0.000
   5.780    0.962    0.151   0.156   0.146   0.148   0.146   0.000   0.000   0.209   0.000
   5.800    0.926    0.130   0.133   0.128   0.130   0.131   0.000   0.000   0.275   0.001
   5.820    0.901    0.106   0.105   0.112   0.112   0.112   0.000   0.001   0.354   0.001
   5.840    0.887    0.085   0.082   0.096   0.094   0.093   0.000   0.001   0.430   0.001
   5.860    0.884    0.064   0.065   0.077   0.077   0.078   0.000   0.002   0.516   0.002
   5.880    0.901    0.050   0.048   0.062   0.064   0.064   0.000   0.002   0.606   0.003
   5.900    0.919    0.037   0.034   0.049   0.050   0.050   0.000   0.004   0.695   0.004
   5.920    0.957    0.027   0.023   0.039   0.039   0.040   0.000   0.007   0.774   0.007
   5.940    0.984    0.018   0.016   0.030   0.030   0.030   0.000   0.010   0.843   0.010
   5.960    1.015    0.012   0.010   0.023   0.022   0.023   0.000   0.014   0.897   0.014
   5.980    1.032    0.008   0.007   0.017   0.016   0.016   0.000   0.023   0.926   0.023
   6.000    1.052    0.005   0.004   0.012   0.013   0.012   0.000   0.031   0.937   0.032
   6.020    1.055    0.003   0.002   0.008   0.009   0.009   0.000   0.045   0.929   0.045
   6.040    1.062    0.002   0.001   0.006   0.006   0.006   0.000   0.065   0.910   0.060
   6.060    1.050    0.001   0.001   0.004   0.004   0.004   0.000   0.087   0.866   0.085
   6.080    1.059    0.001   0.000   0.003   0.003   0.003   0.000   0.114   0.807   0.116
   6.100    1.053    0.000   0.000   0.002   0.002   0.002   0.000   0.152   0.738   0.151
   6.120    1.054    0.000   0.000   0.001   0.001   0.001   0.000   0.191   0.660   0.191
   6.140    1.066    0.000   0.000   0.001   0.001   0.001   0.000   0.233   0.581   0.241
   6.160    1.095    0.000   0.000   0.000   0.000   0.000   0.000   0.288   0.506   0.295
   6.180    1.127    0.000   0.000   0.000   0.000   0.000   0.000   0.344   0.417   0.360
   6.200    1.176    0.000   0.000   0.000   0.000   0.000   0.001   0.396   0.351   0.422
   6.220    1.225    0.000   0.000   0.000   0.000   0.000   0.001   0.463   0.284   0.476
   6.240    1.280    0.000   0.000   0.000   0.000   0.000   0.002   0.518   0.221   0.535
   6.260    1.334    0.000   0.000   0.000   0.000   0.000   0.003   0.560   0.175   0.596
   6.280    1.373    0.000   0.000   0.000   0.000   0.000   0.006   0.597   0.130   0.632
   6.300    1.411    0.000   0.000   0.000   0.000   0.000   0.009   0.628   0.097   0.664
   6.320    1.425    0.000   0.000   0.000   0.000   0.000   0.016   0.655   0.068   0.683
   6.340    1.418    0.000   0.000   0.000   0.000   0.000   0.024   0.644   0.048   0.687
   6.360    1.402    0.000   0.000   0.000   0.000   0.000   0.037   0.644   0.033   0.683
   6.380    1.354    0.000   0.000   0.000   0.000   0.000   0.054   0.620   0.022   0.648
   6.400    1.298    0.000   0.000   0.000   0.000   0.000   0.082   0.582   0.015   0.610
   6.420    1.230    0.000   0.000   0.000   0.000   0.000   0.113   0.539   0.011   0.560
   6.440    1.166    0.000   0.000   0.000   0.000   0.000   0.155   0.490   0.007   0.508
   6.460    1.100    0.000   0.000   0.000   0.000   0.000   0.203   0.440   0.004   0.451
   6.480    1.039    0.000   0.000   0.000   0.000   0.000   0.263   0.375   0.003   0.391
   6.500    0.985    0.000   0.000   0.001   0.001   0.001   0.328   0.318   0.003   0.325
   6.520    0.942    0.000   0.000   0.001   0.001   0.001   0.396   0.271   0.002   0.273
   6.540    0.919    0.000   0.000   0.002   0.001   0.002   0.469   0.218   0.002   0.223
   6.560    0.900    0.000   0.000   0.002   0.002   0.002   0.535   0.176   0.002   0.179
   6.580    0.882    0.001   0.001   0.004   0.003   0.004   0.591   0.138   0.002   0.136
   6.600    0.867    0.001   0.001   0.004   0.005   0.005   0.641   0.102   0.002   0.106
   6.620    0.862    0.002   0.002   0.007   0.007   0.006   0.679   0.081   0.002   0.079
   6.640    0.838    0.003   0.003   0.009   0.009   0.009   0.689   0.059   0.002   0.058
   6.660    0.819    0.006   0.004   0.012   0.012   0.012   0.687   0.042   0.003   0.043
   6.680    0.785    0.008   0.007   0.016   0.016   0.016   0.662   0.029   0.002   0.029
   6.700    0.744    0.012   0.011   0.020   0.020   0.020   0.620   0.019   0.002   0.020
   6.720    0.705    0.017   0.017   0.026   0.026   0.026   0.564   0.014   0.003   0.013
   6.740    0.666    0.024   0.023   0.033   0.031   0.032   0.505   0.009   0.002   0.009
   6.760    0.629    0.032   0.031   0.038   0.038   0.039   0.438   0.005   0.002   0.007
   6.780    0.595    0.042   0.040   0.046   0.046   0.045   0.367   0.003   0.003   0.004
   6.800    0.571    0.051   0.052   0.054   0.053   0.055   0.299   0.002   0.003   0.003
   6.820    0.555    0.062   0.063   0.060   0.061   0.060   0.242   0.001   0.004   0.002
   6.840    0.541    0.073   0.072   0.068   0.068   0.067   0.186   0.001   0.006   0.001
   6.860    0.545    0.083   0.085   0.075   0.075   0.076   0.142   0.000   0.009   0.000
   6.880    0.547    0.093   0.094   0.081   0.081   0.081   0.105   0.000   0.014   0.000
   6.900    0.548    0.100   0.102   0.084   0.084   0.084   0.075   0.000   0.020   0.000
   6.920    0.551    0.104   0.104   0.087   0.087   0.087   0.051   0.000   0.031   0.000
   6.940    0.558    0.106   0.107   0.088   0.089   0.088   0.036   0.000   0.044   0.000
   6.960    0.557    0.104   0.106   0.087   0.087   0.087   0.024   0.000   0.063   0.000
   6.980    0.557    0.099   0.101   0.084   0.085   0.084   0.014   0.000   0.092   0.001
   7.000    0.559    0.093   0.097   0.080   0.080   0.080   0.009   0.001   0.120   0.001
   7.020    0.554    0.084   0.085   0.075   0.074   0.075   0.006   0.001   0.157   0.002
   7.040    0.561    0.075   0.075   0.068   0.070   0.070   0.003   0.002   0.197   0.004
   7.060    0.566    0.063   0.065   0.062   0.061   0.061   0.002   0.004   0.248   0.007
   7.080    0.575    0.053   0.053   0.054   0.054   0.054   0.001   0.007   0.293   0.010
   7.100    0.592    0.043   0.042   0.047   0.048   0.046   0.001   0.010   0.346   0.016
   7.120    0.621    0.033   0.033   0.040   0.039   0.039   0.000   0.017   0.405   0.026
   7.140    0.654    0.026   0.025   0.033   0.033   0.033   0.000   0.026   0.456   0.036
   7.160    0.682    0.019   0.018   0.027   0.026   0.027   0.000   0.038   0.491   0.051
   7.180    0.725    0.014   0.013   0.021   0.021   0.021   0.000   0.055   0.524   0.071
   7.200    0.776    0.010   0.009   0.016   0.016   0.017   0.000   0.078   0.548   0.097
   7.220    0.831    0.007   0.006   0.012   0.013   0.013   0.000   0.106   0.552   0.133
   7.240    0.889    0.005   0.004   0.010   0.010   0.010   0.000   0.142   0.548   0.172
   7.260    0.961    0.003   0.003   0.007   0.007   0.007   0.000   0.193   0.534   0.220
   7.280    1.038    0.002   0.002   0.005   0.005   0.005   0.000   0.253   0.504   0.278
   7.300    1.130    0.001   0.001   0.004   0.003   0.003   0.000   0.318   0.471   0.345
   7.320    1.223    0.001   0.000   0.003   0.002   0.002   0.000   0.391   0.421   0.410
   7.340    1.326    0.000   0.000   0.002   0.002   0.002   0.000   0.472   0.367   0.487
   7.360    1.443    0.000   0.000   0.001   0.001   0.001   0.000   0.563   0.322   0.567
   7.380    1.550    0.000   0.000   0.001   0.001   0.001   0.000   0.642   0.269   0.636
   7.400    1.667    0.000   0.000   0.001   0.000   0.000   0.000   0.730   0.220   0.718
   7.420    1.764    0.000   0.000   0.000   0.000   0.000   0.000   0.809   0.176   0.783
   7.440    1.834    0.000   0.000   0.000   0.000   0.000   0.000   0.861   0.141   0.831
   7.460    1.900    0.000   0.000   0.000   0.000   0.000   0.000   0.920   0.109   0.864
   7.480    1.921    0.000   0.000   0.000   0.000   0.000   0.000   0.940   0.080   0.892
   7.500    1.915    0.000   0.000   0.000   0.000   0.000   0.000   0.959   0.059   0.899
   7.520    1.879    0.000   0.000   0.000   0.000   0.000   0.000   0.950   0.040   0.889
   7.540    1.797    0.000   0.000   0.000   0.000   0.000   0.000   0.906   0.029   0.859
   7.560    1.693    0.000   0.000   0.000   0.000   0.000   0.000   0.854   0.020   0.816
   7.580    1.574    0.000   0.000   0.000   0.001   0.000   0.000   0.797   0.014   0.757
   7.600    1.420    0.000   0.000   0.001   0.001   0.001   0.000   0.717   0.008   0.687
   7.620    1.259    0.000   0.000   0.001   0.001   0.001   0.000   0.632   0.005   0.622
   7.640    1.094    0.001   0.000   0.001   0.001   0.001   0.000   0.538   0.003   0.547
   7.660    0.939    0.001   0.000   0.002   0.002   0.002   0.000   0.459   0.002   0.467
   7.680    0.789    0.002   0.001   0.002   0.003   0.003   0.000   0.379   0.001   0.395
   7.700    0.649    0.002   0.001   0.004   0.004   0.004   0.000   0.307   0.001   0.330
   7.720    0.528    0.004   0.002   0.005   0.005   0.005   0.000   0.238   0.001   0.267
   7.740    0.426    0.005   0.003   0.006   0.007   0.007   0.000   0.189   0.001   0.209
   7.760    0.343    0.007   0.004   0.009   0.009   0.009   0.000   0.141   0.001   0.165
   7.780    0.279    0.010   0.007   0.011   0.011   0.011   0.000   0.102   0.001   0.126
   7.800    0.234    0.013   0.009   0.014   0.014   0.014   0.000   0.074   0.002   0.093
   7.820    0.210    0.017   0.013   0.018   0.018   0.018   0.000   0.054   0.003   0.070
   7.840    0.198    0.021   0.018   0.022   0.022   0.023   0.000   0.038   0.005   0.051
   7.860    0.197    0.026   0.024   0.026   0.026   0.026   0.000   0.025   0.008   0.035
   7.880    0.211    0.032   0.030   0.032   0.032   0.032   0.000   0.017   0.012   0.026
   7.900    0.229    0.037   0.037   0.036   0.036   0.036   0.000   0.010   0.018   0.017
   7.920    0.257    0.042   0.044   0.042   0.042   0.042   0.000   0.007   0.027   0.011
   7.940    0.288    0.047   0.050   0.046   0.046   0.045   0.000   0.005   0.041   0.008
   7.960    0.324    0.052   0.056   0.049   0.049   0.049   0.000   0.003   0.060   0.005
   7.980    0.362    0.055   0.061   0.052   0.052   0.052   0.000   0.002   0.085   0.004
   8.000    0.402    0.057   0.065   0.055   0.053   0.053   0.000   0.001   0.113   0.003
   8.020    0.439    0.057   0.066   0.055   0.054   0.053   0.000   0.001   0.152   0.003
   8.040    0.481    0.056   0.064   0.053   0.053   0.052   0.000   0.002   0.198   0.004
   8.060    0.524    0.053   0.061   0.051   0.050   0.050   0.000   0.002   0.251   0.006
   8.080    0.568    0.050   0.056   0.047   0.047   0.048   0.000   0.003   0.311   0.008
   8.100    0.620    0.046   0.050   0.044   0.043   0.044   0.000   0.005   0.376   0.011
   8.120    0.672    0.041   0.042   0.039   0.039   0.039   0.000   0.007   0.446   0.017
   8.140    0.726    0.035   0.036   0.034   0.033   0.035   0.000   0.011   0.519   0.023
   8.160    0.785    0.030   0.029   0.029   0.029   0.028   0.000   0.018   0.590   0.032
   8.180    0.843    0.024   0.022   0.026   0.025   0.024   0.000   0.028   0.651   0.043
   8.200    0.901    0.020   0.016   0.020   0.021   0.020   0.000   0.040   0.704   0.059
   8.220    0.956    0.015   0.012   0.017   0.017   0.016   0.000   0.057   0.745   0.077
   8.240    1.008    0.012   0.009   0.013   0.014   0.014   0.000   0.080   0.765   0.099
   8.260    1.062    0.009   0.005   0.011   0.011   0.011   0.000   0.104   0.779   0.126
   8.280    1.105    0.006   0.004   0.008   0.008   0.008   0.000   0.136   0.777   0.158
   8.300    1.145    0.005   0.002   0.006   0.006   0.006   0.001   0.175   0.751   0.194
   8.320    1.183    0.003   0.001   0.005   0.005   0.005   0.001   0.220   0.712   0.232
   8.340    1.217    0.002   0.001   0.003   0.003   0.003   0.002   0.270   0.668   0.274
   8.360    1.246    0.002   0.001   0.003   0.003   0.003   0.003   0.319   0.598   0.317
   8.380    1.276    0.001   0.000   0.002   0.002   0.002   0.005   0.374   0.537   0.359
   8.400    1.296    0.001   0.000   0.001   0.001   0.001   0.008   0.426   0.463   0.393
   8.420    1.312    0.000   0.000   0.001   0.001   0.001   0.012   0.472   0.394   0.429
   8.440    1.332    0.000   0.000   0.001   0.001   0.001   0.018   0.515   0.329   0.470
   8.460    1.329    0.000   0.000   0.001   0.001   0.001   0.028   0.546   0.268   0.489
   8.480    1.321    0.000   0.000   0.001   0.001   0.001   0.041   0.568   0.215   0.504
   8.500    1.306    0.000   0.000   0.001   0.001   0.001   0.057   0.571   0.167   0.509
   8.520    1.275    0.000   0.000   0.002   0.001   0.001   0.078   0.563   0.127   0.498
   8.540    1.237    0.001   0.000   0.002   0.002   0.002   0.104   0.543   0.093   0.491
   8.560    1.203    0.001   0.001   0.003   0.003   0.003   0.133   0.522   0.070   0.471
   8.580    1.149    0.001   0.001   0.005   0.004   0.004   0.168   0.479   0.050   0.442
   8.600    1.103    0.002   0.002   0.006   0.006   0.006   0.206   0.436   0.036   0.408
   8.620    1.043    0.004   0.003   0.008   0.009   0.009   0.242   0.379   0.025   0.367
   8.640    0.998    0.006   0.005   0.013   0.012   0.012   0.282   0.333   0.017   0.323
   8.660    0.952    0.009   0.008   0.016   0.017   0.016   0.313   0.280   0.012   0.284
   8.680    0.913    0.013   0.012   0.022   0.022   0.022   0.344   0.231   0.007   0.242
   8.700    0.884    0.019   0.017   0.029   0.029   0.029   0.367   0.190   0.006   0.202
   8.720    0.854    0.027   0.024   0.037   0.036   0.037   0.376   0.149   0.005   0.167
   8.740    0.843    0.036   0.035   0.045   0.046   0.046   0.382   0.115   0.005   0.135
   8.760    0.837    0.047   0.046   0.057   0.057   0.058   0.373   0.087   0.006   0.107
   8.780    0.839    0.060   0.059   0.069   0.068   0.069   0.358   0.067   0.008   0.083
   8.800    0.855    0.075   0.075   0.083   0.082   0.083   0.333   0.049   0.012   0.063
   8.820    0.871    0.092   0.094   0.094   0.095   0.095   0.302   0.034   0.017   0.048
   8.840    0.893    0.109   0.111   0.107   0.108   0.109   0.265   0.024   0.024   0.037
   8.860    0.924    0.127   0.129   0.122   0.122   0.120   0.228   0.016   0.035   0.025
   8.880    0.960    0.145   0.147   0.133   0.132   0.134   0.190   0.011   0.049   0.019
   8.900    0.988    0.157   0.159   0.143   0.142   0.143   0.155   0.007   0.068   0.014
   8.920    1.024    0.170   0.173   0.151   0.150   0.150   0.123   0.005   0.092   0.009
   8.940    1.050    0.177   0.180   0.154   0.156   0.154   0.094   0.004   0.120   0.008
   8.960    1.074    0.179   0.184   0.157   0.156   0.158   0.071   0.003   0.156   0.007
   8.980    1.088    0.177   0.181   0.156   0.155   0.155   0.051   0.003   0.194   0.007
   9.000    1.098    0.171   0.176   0.152   0.152   0.151   0.037   0.004   0.243   0.007
   9.020    1.098    0.163   0.164   0.143   0.145   0.144   0.026   0.005   0.294   0.009
   9.040    1.094    0.150   0.149   0.136   0.135   0.135   0.018   0.008   0.347   0.012
   9.060    1.084    0.132   0.133   0.124   0.125   0.124   0.011   0.012   0.396   0.017
   9.080    1.073    0.116   0.116   0.112   0.111   0.111   0.007   0.016   0.447   0.023
   9.100    1.058    0.099   0.099   0.097   0.098   0.097   0.004   0.024   0.493   0.031
   9.120    1.045    0.082   0.080   0.085   0.085   0.086   0.003   0.032   0.534   0.040
   9.140    1.028    0.065   0.065   0.071   0.072   0.072   0.002   0.045   0.567   0.052
   9.160    1.013    0.052   0.050   0.060   0.060   0.060   0.001   0.059   0.584   0.067
   9.180    0.999    0.040   0.038   0.050   0.049   0.050   0.000   0.076   0.597   0.083
   9.200    0.986    0.030   0.028   0.039   0.040   0.040   0.000   0.094   0.591   0.107
   9.220    0.974    0.021   0.020   0.032   0.031   0.031   0.000   0.116   0.579   0.124
   9.240    0.961    0.016   0.014   0.024   0.024   0.024   0.000   0.143   0.549   0.148
   9.260    0.944    0.011   0.010   0.019   0.018   0.018   0.000   0.168   0.514   0.173
   9.280    0.931    0.007   0.006   0.014   0.014   0.014   0.000   0.194   0.472   0.198
   9.300    0.907    0.005   0.004   0.010   0.010   0.010   0.000   0.219   0.416   0.223
   9.320    0.892    0.003   0.003   0.008   0.008   0.008   0.000   0.242   0.367   0.243
   9.340    0.860    0.002   0.002   0.005   0.006   0.006   0.000   0.264   0.311   0.256
   9.360    0.833    0.001   0.001   0.004   0.004   0.004   0.000   0.277   0.263   0.272
   9.380    0.797    0.001   0.001   0.004   0.003   0.004   0.000   0.285   0.215   0.274
   9.400    0.762    0.001   0.001   0.003   0.003   0.003   0.000   0.289   0.173   0.283
   9.420    0.720    0.001   0.001   0.004   0.004   0.004   0.000   0.289   0.134   0.278
   9.440    0.672    0.001   0.001   0.004   0.004   0.005   0.000   0.276   0.106   0.269
   9.460    0.624    0.002   0.002   0.006   0.006   0.006   0.000   0.262   0.083   0.256
   9.480    0.576    0.004   0.003   0.008   0.008   0.008   0.000   0.243   0.060   0.240
   9.500    0.525    0.005   0.004   0.011   0.011   0.011   0.000   0.218   0.043   0.219
   9.520    0.482    0.008   0.006   0.014   0.015   0.014   0.000   0.195   0.030   0.199
   9.540    0.442    0.011   0.010   0.019   0.019   0.019   0.000   0.168   0.021   0.175
   9.560    0.414    0.016   0.014   0.025   0.025   0.025   0.000   0.143   0.014   0.150
   9.580    0.394    0.022   0.021   0.031   0.032   0.032   0.000   0.119   0.011   0.126
   9.600    0.389    0.030   0.029   0.039   0.039   0.040   0.000   0.100   0.009   0.104
   9.620    0.394    0.040   0.038   0.048   0.049   0.048   0.000   0.076   0.007   0.084
   9.640    0.412    0.051   0.050   0.058   0.058   0.059   0.000   0.062   0.008   0.067
   9.660    0.442    0.063   0.064   0.069   0.068   0.069   0.000   0.045   0.010   0.053
   9.680    0.481    0.077   0.078   0.079   0.080   0.079   0.000   0.034   0.013   0.042
   9.700    0.531    0.092   0.093   0.090   0.090   0.090   0.000   0.025   0.020   0.031
   9.720    0.579    0.106   0.107   0.099   0.098   0.100   0.000   0.020   0.026   0.023
   9.740    0.636    0.119   0.122   0.108   0.109   0.108   0.000   0.014   0.037   0.020
   9.760    0.690    0.130   0.134   0.117   0.117   0.116   0.000   0.011   0.052   0.015
   9.780    0.738    0.140   0.143   0.121   0.122   0.121   0.000   0.009   0.067   0.014
   9.800    0.779    0.146   0.148   0.124   0.126   0.124   0.000   0.009   0.089   0.016
   9.820    0.815    0.147   0.148   0.128   0.125   0.127   0.000   0.011   0.114   0.018
   9.840    0.840    0.144   0.146   0.124   0.126   0.125   0.000   0.016   0.138   0.024
   9.860    0.861    0.139   0.141   0.122   0.121   0.121   0.000   0.021   0.168   0.032
   9.880    0.876    0.129   0.131   0.115   0.115   0.115   0.000   0.031   0.201   0.045
   9.900    0.888    0.119   0.120   0.107   0.107   0.108   0.000   0.043   0.229   0.060
   9.920    0.897    0.104   0.106   0.098   0.098   0.098   0.000   0.062   0.256   0.081
   9.940    0.912    0.091   0.091   0.087   0.088   0.087   0.000   0.086   0.280   0.108
   9.960    0.935    0.078   0.076   0.077   0.078   0.078   0.000   0.116   0.303   0.135
   9.980    0.969    0.063   0.062   0.067   0.067   0.067   0.001   0.152   0.319   0.175
  10.000    1.011    0.050   0.049   0.057   0.057   0.057   0.001   0.196   0.331   0.219
  10.020    1.065    0.039   0.038   0.048   0.047   0.047   0.002   0.250   0.334   0.265
  10.040    1.129    0.030   0.028   0.039   0.038   0.039   0.003   0.306   0.326   0.322
  10.060    1.202    0.022   0.021   0.031   0.031   0.030   0.005   0.373   0.319   0.378
  10.080    1.286    0.016   0.015   0.024   0.024   0.025   0.008   0.444   0.301   0.438
  10.100    1.368    0.011   0.010   0.019   0.019   0.018   0.013   0.508   0.279   0.499
  10.120    1.452    0.008   0.007   0.014   0.014   0.014   0.019   0.579   0.254   0.552
  10.140    1.528    0.005   0.004   0.011   0.010   0.011   0.029   0.638   0.229   0.600
  10.160    1.597    0.003   0.003   0.008   0.008   0.008   0.041   0.688   0.197   0.646
  10.180    1.644    0.002   0.002   0.006   0.005   0.005   0.057   0.726   0.167   0.677
  10.200    1.669    0.001   0.001   0.004   0.004   0.004   0.077   0.747   0.141   0.696
  10.220    1.681    0.001   0.001   0.003   0.003   0.003   0.101   0.758   0.114   0.700
  10.240    1.665    0.000   0.000   0.002   0.002   0.002   0.128   0.746   0.092   0.688
  10.260    1.636    0.000   0.000   0.001   0.001   0.001   0.159   0.726   0.075   0.678
  10.280    1.576    0.000   0.000   0.001   0.001   0.001   0.193   0.684   0.056   0.639
  10.300    1.502    0.000   0.000   0.000   0.000   0.000   0.228   0.635   0.043   0.598
  10.320    1.412    0.000   0.000   0.000   0.000   0.000   0.261   0.577   0.032   0.550
  10.340    1.317    0.000   0.000   0.000   0.000   0.000   0.291   0.505   0.025   0.495
  10.360    1.209    0.000   0.000   0.000   0.000   0.000   0.317   0.438   0.019   0.435
  10.380    1.098    0.000   0.000   0.000   0.000   0.000   0.335   0.371   0.016   0.375
  10.400    0.989    0.000   0.000   0.000   0.000   0.000   0.345   0.307   0.015   0.321
  10.420    0.879    0.000   0.000   0.000   0.000   0.000   0.347   0.251   0.016   0.267
  10.440    0.777    0.000   0.000   0.000   0.000   0.000   0.340   0.200   0.022   0.219
  10.460    0.687    0.000   0.000   0.000   0.000   0.000   0.327   0.153   0.030   0.176
  10.480    0.601    0.000   0.000   0.000   0.000   0.000   0.303   0.120   0.042   0.138
  10.500    0.530    0.000   0.000   0.000   0.000   0.000   0.277   0.088   0.057   0.109
  10.520    0.472    0.000   0.000   0.000   0.000   0.000   0.245   0.066   0.080   0.083
  10.540    0.429    0.000   0.000   0.000   0.000   0.000   0.211   0.047   0.109   0.065
  10.560    0.402    0.000   0.000   0.000   0.000   0.000   0.176   0.036   0.142   0.050
  10.580    0.394    0.000   0.000   0.000   0.000   0.000   0.143   0.029   0.185   0.040
  10.600    0.406    0.000   0.000   0.000   0.000   0.000   0.116   0.023   0.235   0.034
  10.620    0.433    0.000   0.000   0.000   0.000   0.000   0.090   0.023   0.294   0.032
  10.640    0.476    0.000   0.000   0.000   0.000   0.000   0.068   0.027   0.354   0.035
  10.660    0.533    0.000   0.000   0.000   0.000   0.000   0.050   0.032   0.416   0.040
  10.680    0.601    0.000   0.000   0.000   0.000   0.000   0.036   0.043   0.480   0.050
  10.700    0.673    0.000   0.000   0.000   0.000   0.000   0.025   0.055   0.537   0.064
  10.720    0.754    0.000   0.000   0.000   0.000   0.000   0.018   0.071   0.595   0.081
  10.740    0.833    0.000   0.000   0.000   0.000   0.000   0.011   0.092   0.638   0.103
  10.760    0.911    0.000   0.000   0.000   0.000   0.000   0.008   0.117   0.670   0.130
  10.780    0.981    0.000   0.000   0.000   0.000   0.000   0.005   0.146   0.683   0.156
  10.800    1.046    0.000   0.000   0.000   0.000   0.000   0.003   0.180   0.689   0.187
  10.820    1.102    0.000   0.000   0.000   0.000   0.000   0.002   0.217   0.676   0.223
  10.840    1.145    0.000   0.000   0.000   0.000   0.000   0.001   0.249   0.645   0.257
  10.860    1.177    0.000   0.000   0.000   0.000   0.000   0.001   0.288   0.605   0.293
  10.880    1.196    0.000   0.000   0.000   0.000   0.000   0.000   0.321   0.555   0.324
  10.900    1.201    0.000   0.000   0.001   0.000   0.000   0.000   0.350   0.502   0.352
  10.920    1.189    0.000   0.000   0.001   0.001   0.001   0.000   0.379   0.435   0.378
  10.940    1.168    0.000   0.000   0.001   0.001   0.001   0.000   0.395   0.371   0.396
  10.960    1.131    0.001   0.000   0.002   0.001   0.001   0.000   0.411   0.313   0.402
  10.980    1.082    0.001   0.001   0.002   0.002   0.002   0.000   0.411   0.255   0.408
  11.000    1.028    0.001   0.001   0.003   0.003   0.003   0.000   0.406   0.207   0.401
  11.020    0.967    0.002   0.002   0.004   0.004   0.004   0.000   0.395   0.161   0.391
  11.040    0.893    0.003   0.003   0.005   0.005   0.005   0.000   0.376   0.123   0.374
  11.060    0.817    0.004   0.004   0.007   0.007   0.007   0.000   0.346   0.094   0.346
  11.080    0.741    0.006   0.006   0.010   0.009   0.009   0.000   0.314   0.069   0.313
  11.100    0.672    0.009   0.008   0.012   0.012   0.012   0.000   0.282   0.052   0.284
  11.120    0.601    0.012   0.011   0.015   0.015   0.015   0.000   0.246   0.039   0.249
  11.140    0.539    0.015   0.015   0.018   0.018   0.018   0.000   0.210   0.030   0.213
  11.160    0.488    0.020   0.019   0.022   0.022   0.022   0.000   0.173   0.026   0.184
  11.180    0.448    0.024   0.024   0.025   0.025   0.026   0.000   0.143   0.026   0.151
  11.200    0.419    0.029   0.029   0.030   0.030   0.029   0.000   0.116   0.031   0.125
  11.220    0.398    0.034   0.035   0.033   0.033   0.034   0.000   0.092   0.038   0.100
  11.240    0.390    0.040   0.040   0.037   0.037   0.037   0.000   0.072   0.048   0.079
  11.260    0.396    0.045   0.045   0.041   0.041   0.041   0.000   0.054   0.065   0.062
  11.280    0.407    0.049   0.049   0.044   0.044   0.044   0.000   0.042   0.084   0.050
  11.300    0.426    0.052   0.053   0.046   0.045   0.046   0.000   0.034   0.110   0.042
  11.320    0.450    0.053   0.055   0.047   0.047   0.047   0.000   0.029   0.134   0.037
  11.340    0.479    0.054   0.055   0.047   0.047   0.047   0.000   0.028   0.166   0.036
  11.360    0.516    0.053   0.054   0.047   0.047   0.047   0.000   0.029   0.203   0.039
  11.380    0.554    0.051   0.053   0.045   0.045   0.045   0.000   0.034   0.233   0.044
  11.400    0.591    0.048   0.049   0.043   0.043   0.043   0.000   0.043   0.271   0.055
  11.420    0.634    0.044   0.044   0.040   0.040   0.040   0.001   0.055   0.303   0.065
  11.440    0.678    0.040   0.039   0.037   0.037   0.037   0.001   0.070   0.335   0.081
  11.460    0.719    0.034   0.034   0.033   0.033   0.033   0.002   0.090   0.360   0.102
  11.480    0.767    0.028   0.029   0.029   0.029   0.029   0.004   0.116   0.379   0.127
  11.500    0.807    0.024   0.023   0.025   0.025   0.025   0.006   0.141   0.385   0.152
  11.520    0.853    0.019   0.019   0.022   0.021   0.021   0.009   0.169   0.390   0.181
  11.540    0.894    0.015   0.015   0.018   0.018   0.018   0.015   0.202   0.380   0.211
  11.560    0.931    0.012   0.011   0.015   0.015   0.015   0.021   0.234   0.365   0.240
  11.580    0.968    0.009   0.008   0.013   0.012   0.013   0.032   0.265   0.345   0.270
  11.600    1.000    0.006   0.006   0.010   0.010   0.010   0.045   0.297   0.317   0.295
  11.620    1.027    0.005   0.004   0.009   0.009   0.009   0.063   0.322   0.284   0.320
  11.640    1.049    0.004   0.003   0.008   0.008   0.008   0.084   0.343   0.251   0.338
  11.660    1.065    0.003   0.003   0.008   0.008   0.008   0.111   0.355   0.213   0.351
  11.680    1.077    0.004   0.003   0.009   0.009   0.009   0.141   0.361   0.181   0.354
  11.700    1.081    0.005   0.004   0.010   0.010   0.010   0.175   0.364   0.149   0.349
  11.720    1.083    0.006   0.005   0.012   0.012   0.012   0.213   0.353   0.121   0.347
  11.740    1.080    0.009   0.008   0.015   0.015   0.015   0.251   0.335   0.096   0.332
  11.760    1.074    0.012   0.011   0.019   0.019   0.019   0.288   0.316   0.074   0.312
  11.780    1.064    0.017   0.016   0.024   0.024   0.023   0.322   0.287   0.057   0.289
  11.800    1.052    0.023   0.022   0.030   0.030   0.030   0.352   0.260   0.044   0.263
  11.820    1.038    0.031   0.029   0.036   0.037   0.037   0.373   0.223   0.034   0.233
  11.840    1.025    0.038   0.037   0.045   0.044   0.045   0.389   0.198   0.028   0.203
  11.860    1.011    0.049   0.048   0.052   0.052   0.053   0.394   0.163   0.025   0.176
  11.880    0.997    0.060   0.059   0.062   0.062   0.061   0.386   0.136   0.025   0.148
  11.900    0.981    0.071   0.071   0.070   0.070   0.069   0.372   0.110   0.025   0.121
  11.920    0.964    0.082   0.082   0.078   0.079   0.078   0.346   0.088   0.029   0.100
  11.940    0.958    0.094   0.096   0.086   0.086   0.086   0.319   0.070   0.037   0.083
  11.960    0.941    0.103   0.105   0.093   0.093   0.093   0.283   0.057   0.044   0.070
  11.980    0.928    0.111   0.113   0.099   0.098   0.099   0.245   0.046   0.054   0.061
  12.000    0.918    0.115   0.120   0.103   0.103   0.103   0.208   0.042   0.067   0.056
  12.020    0.899    0.118   0.122   0.104   0.104   0.103   0.171   0.041   0.079   0.055
  12.040    0.890    0.118   0.122   0.105   0.104   0.104   0.136   0.044   0.092   0.061
  12.060    0.875    0.114   0.117   0.101   0.101   0.101   0.107   0.054   0.105   0.070
  12.080    0.868    0.108   0.111   0.097   0.097   0.097   0.082   0.068   0.120   0.084
  12.100    0.863    0.100   0.103   0.091   0.090   0.091   0.061   0.087   0.134   0.104
  12.120    0.862    0.089   0.091   0.083   0.083   0.083   0.043   0.111   0.144   0.127
  12.140    0.872    0.079   0.080   0.076   0.076   0.075   0.031   0.140   0.153   0.156
  12.160    0.884    0.068   0.068   0.067   0.067   0.067   0.022   0.174   0.157   0.185
  12.180    0.905    0.056   0.056   0.058   0.059   0.058   0.014   0.216   0.163   0.221
  12.200    0.936    0.046   0.044   0.050   0.050   0.050   0.009   0.258   0.164   0.260
  12.220    0.973    0.036   0.035   0.042   0.043   0.042   0.006   0.303   0.163   0.299
  12.240    1.004    0.028   0.027   0.035   0.035   0.035   0.003   0.347   0.156   0.339
  12.260    1.039    0.021   0.020   0.029   0.029   0.029   0.002   0.389   0.145   0.372
  12.280    1.070    0.016   0.014   0.023   0.024   0.023   0.001   0.424   0.134   0.407
  12.300    1.096    0.012   0.010   0.019   0.019   0.020   0.001   0.460   0.121   0.431
  12.320    1.110    0.009   0.008   0.017   0.016   0.016   0.000   0.487   0.109   0.449
  12.340    1.113    0.008   0.006   0.015   0.015   0.015   0.000   0.497   0.096   0.459
  12.360    1.100    0.007   0.006   0.014   0.014   0.014   0.000   0.502   0.082   0.460
  12.380    1.076    0.008   0.007   0.014   0.014   0.014   0.000   0.491   0.071   0.458
  12.400    1.038    0.009   0.008   0.015   0.015   0.016   0.000   0.472   0.059   0.441
  12.420    0.993    0.011   0.011   0.018   0.018   0.018   0.000   0.446   0.051   0.420
  12.440    0.939    0.015   0.015   0.021   0.021   0.021   0.000   0.411   0.044   0.393
  12.460    0.885    0.020   0.019   0.025   0.025   0.026   0.000   0.373   0.040   0.359
  12.480    0.832    0.026   0.025   0.030   0.031   0.030   0.000   0.326   0.041   0.319
  12.500    0.783    0.032   0.032   0.036   0.035   0.036   0.000   0.284   0.044   0.280
  12.520    0.744    0.040   0.040   0.042   0.042   0.042   0.000   0.240   0.053   0.247
  12.540    0.715    0.047   0.048   0.048   0.048   0.047   0.000   0.200   0.065   0.209
  12.560    0.697    0.056   0.056   0.054   0.054   0.054   0.000   0.163   0.083   0.176
  12.580    0.695    0.063   0.064   0.061   0.060   0.060   0.000   0.130   0.107   0.147
  12.600    0.705    0.071   0.072   0.065   0.066   0.065   0.000   0.105   0.140   0.121
  12.620    0.726    0.077   0.078   0.070   0.069   0.070   0.000   0.083   0.176   0.101
  12.640    0.756    0.082   0.083   0.073   0.073   0.073   0.000   0.068   0.219   0.086
  12.660    0.792    0.084   0.085   0.075   0.075   0.075   0.000   0.057   0.262   0.073
  12.680    0.838    0.085   0.087   0.075   0.075   0.076   0.000   0.051   0.317   0.067
  12.700    0.883    0.085   0.085   0.074   0.074   0.074   0.000   0.051   0.368   0.066
  12.720    0.931    0.081   0.082   0.073   0.072   0.071   0.000   0.055   0.421   0.070
  12.740    0.978    0.076   0.077   0.069   0.068   0.069   0.001   0.063   0.472   0.076
  12.760    1.022    0.069   0.070   0.064   0.064   0.064   0.001   0.077   0.519   0.088
  12.780    1.058    0.062   0.063   0.058   0.059   0.058   0.002   0.093   0.551   0.104
  12.800    1.093    0.054   0.054   0.053   0.052   0.052   0.003   0.115   0.584   0.122
  12.820    1.117    0.046   0.045   0.046   0.046   0.046   0.005   0.137   0.595   0.142
  12.840    1.137    0.038   0.037   0.040   0.040   0.040   0.007   0.163   0.596   0.166
  12.860    1.145    0.031   0.031   0.034   0.035   0.034   0.011   0.190   0.587   0.185
  12.880    1.151    0.024   0.024   0.029   0.029   0.029   0.016   0.216   0.566   0.209
  12.900    1.146    0.019   0.018   0.025   0.025   0.025   0.022   0.242   0.536   0.228
  12.920    1.130    0.015   0.014   0.021   0.021   0.021   0.030   0.265   0.494   0.243
  12.940    1.108    0.012   0.011   0.018   0.018   0.018   0.040   0.282   0.449   0.260
  12.960    1.079    0.009   0.009   0.016   0.016   0.016   0.052   0.293   0.394   0.272
  12.980    1.045    0.009   0.007   0.014   0.015   0.015   0.065   0.301   0.344   0.275
  13.000    1.008    0.008   0.007   0.015   0.015   0.015   0.080   0.300   0.292   0.274
  13.020    0.967    0.009   0.008   0.015   0.016   0.016   0.095   0.294   0.243   0.270
  13.040    0.925    0.011   0.011   0.018   0.017   0.017   0.110   0.282   0.199   0.259
  13.060    0.882    0.014   0.014   0.020   0.020   0.020   0.124   0.263   0.160   0.246
  13.080    0.841    0.018   0.017   0.023   0.023   0.024   0.137   0.241   0.130   0.229
  13.100    0.805    0.023   0.023   0.028   0.027   0.028   0.147   0.218   0.106   0.207
  13.120    0.775    0.029   0.029   0.033   0.033   0.032   0.153   0.193   0.089   0.186
  13.140    0.747    0.035   0.035   0.037   0.037   0.038   0.155   0.164   0.079   0.165
  13.160    0.727    0.042   0.042   0.042   0.043   0.043   0.155   0.140   0.077   0.144
  13.180    0.713    0.050   0.050   0.048   0.048   0.048   0.149   0.115   0.084   0.122
  13.200    0.706    0.057   0.057   0.054   0.054   0.053   0.141   0.093   0.093   0.105
  13.220    0.710    0.063   0.064   0.058   0.058   0.058   0.130   0.077   0.114   0.090
  13.240    0.714    0.069   0.070   0.061   0.062   0.062   0.116   0.063   0.138   0.077
  13.260    0.725    0.073   0.074   0.064   0.064   0.064   0.102   0.053   0.165   0.069
  13.280    0.742    0.075   0.076   0.066   0.066   0.066   0.086   0.047   0.200   0.063
  13.300    0.761    0.076   0.077   0.066   0.066   0.066   0.072   0.046   0.236   0.063
  13.320    0.787    0.075   0.075   0.065   0.065   0.066   0.058   0.048   0.276   0.065
  13.340    0.809    0.071   0.071   0.063   0.063   0.063   0.045   0.056   0.311   0.071
  13.360    0.837    0.067   0.068   0.060   0.060   0.059   0.035   0.067   0.347   0.080
  13.380    0.858    0.061   0.061   0.056   0.056   0.056   0.026   0.082   0.379   0.091
  13.400    0.883    0.055   0.054   0.051   0.051   0.051   0.019   0.102   0.404   0.107
  13.420    0.901    0.047   0.047   0.045   0.046   0.046   0.013   0.125   0.418   0.123
  13.440    0.916    0.040   0.040   0.041   0.040   0.040   0.009   0.150   0.425   0.142
  13.460    0.924    0.033   0.033   0.035   0.035   0.035   0.006   0.176   0.423   0.161
  13.480    0.927    0.027   0.026   0.030   0.030   0.030   0.004   0.202   0.414   0.179
  13.500    0.922    0.021   0.020   0.025   0.025   0.025   0.003   0.229   0.393   0.195
  13.520    0.912    0.016   0.016   0.021   0.021   0.021   0.002   0.250   0.368   0.212
  13.540    0.892    0.013   0.012   0.018   0.018   0.017   0.001   0.269   0.335   0.223
  13.560    0.862    0.009   0.009   0.014   0.014   0.014   0.000   0.286   0.297   0.232
  13.580    0.826    0.007   0.007   0.012   0.012   0.012   0.000   0.293   0.260   0.235
  13.600    0.786    0.006   0.005   0.010   0.010   0.010   0.000   0.293   0.224   0.239
  13.620    0.737    0.005   0.005   0.009   0.009   0.009   0.000   0.290   0.187   0.234
  13.640    0.687    0.005   0.005   0.009   0.009   0.009   0.000   0.279   0.154   0.228
  13.660    0.633    0.006   0.005   0.009   0.009   0.009   0.000   0.262   0.126   0.217
  13.680    0.580    0.006   0.006   0.009   0.009   0.009   0.000   0.240   0.104   0.207
  13.700    0.530    0.008   0.008   0.010   0.010   0.010   0.000   0.217   0.088   0.188
  13.720    0.480    0.010   0.009   0.011   0.011   0.011   0.000   0.190   0.074   0.171
  13.740    0.442    0.011   0.012   0.012   0.012   0.012   0.000   0.164   0.069   0.156
  13.760    0.407    0.014   0.014   0.014   0.014   0.014   0.000   0.139   0.067   0.137
  13.780    0.385    0.016   0.016   0.016   0.015   0.015   0.000   0.118   0.072   0.122
  13.800    0.370    0.018   0.018   0.016   0.017   0.017   0.000   0.098   0.080   0.107
  13.820    0.368    0.020   0.020   0.018   0.018   0.018   0.000   0.084   0.096   0.096
  13.840    0.375    0.021   0.022   0.019   0.019   0.019   0.000   0.075   0.113   0.090
  13.860    0.394    0.022   0.022   0.019   0.019   0.020   0.000   0.070   0.133   0.088
  13.880    0.422    0.023   0.023   0.020   0.019   0.020   0.001   0.071   0.156   0.089
  13.900    0.460    0.023   0.023   0.020   0.020   0.020   0.001   0.077   0.180   0.097
  13.920    0.507    0.022   0.022   0.019   0.020   0.019   0.002   0.090   0.202   0.108
  13.940    0.562    0.021   0.021   0.018   0.019   0.019   0.003   0.107   0.227   0.128
  13.960    0.623    0.019   0.020   0.018   0.018   0.018   0.005   0.130   0.244   0.147
  13.980    0.688    0.018   0.018   0.016   0.016   0.016   0.007   0.157   0.259   0.175
  14.000    0.758    0.015   0.015   0.015   0.015   0.015   0.011   0.191   0.272   0.204
  14.020    0.826    0.013   0.013   0.014   0.014   0.013   0.016   0.223   0.277   0.236
  14.040    0.894    0.011   0.011   0.012   0.012   0.012   0.023   0.260   0.278   0.270
  14.060    0.964    0.009   0.009   0.011   0.011   0.011   0.033   0.295   0.272   0.305
  14.080    1.025    0.008   0.007   0.010   0.010   0.010   0.046   0.329   0.261   0.338
  14.100    1.078    0.007   0.006   0.009   0.010   0.009   0.061   0.358   0.247   0.364
  14.120    1.125    0.006   0.006   0.009   0.009   0.009   0.079   0.382   0.228   0.389
  14.140    1.157    0.006   0.005   0.010   0.010   0.009   0.100   0.404   0.206   0.404
  14.160    1.178    0.006   0.006   0.010   0.011   0.010   0.123   0.409   0.184   0.413
  14.180    1.194    0.008   0.007   0.012   0.012   0.012   0.148   0.417   0.162   0.416
  14.200    1.193    0.009   0.009   0.014   0.014   0.014   0.172   0.406   0.138   0.411
  14.220    1.180    0.012   0.011   0.016   0.016   0.017   0.197   0.394   0.117   0.393
  14.240    1.160    0.016   0.015   0.020   0.020   0.020   0.220   0.370   0.100   0.373
  14.260    1.135    0.020   0.020   0.023   0.023   0.024   0.239   0.345   0.088   0.349
  14.280    1.097    0.025   0.024   0.028   0.028   0.028   0.253   0.311   0.080   0.317
  14.300    1.062    0.031   0.030   0.032   0.032   0.032   0.261   0.276   0.077   0.287
  14.320    1.021    0.036   0.037   0.037   0.037   0.036   0.262   0.242   0.077   0.253
  14.340    0.985    0.043   0.043   0.041   0.041   0.041   0.257   0.210   0.085   0.225
  14.360    0.952    0.049   0.049   0.045   0.045   0.046   0.246   0.180   0.095   0.193
  14.380    0.926    0.054   0.055   0.049   0.049   0.049   0.231   0.154   0.112   0.171
  14.400    0.908    0.058   0.059   0.052   0.053   0.053   0.210   0.133   0.134   0.150
  14.420    0.895    0.062   0.062   0.055   0.054   0.055   0.185   0.120   0.161   0.138
  14.440    0.892    0.063   0.065   0.056   0.056   0.056   0.163   0.112   0.189   0.131
  14.460    0.899    0.064   0.065   0.057   0.056   0.056   0.137   0.113   0.219   0.131
  14.480    0.916    0.063   0.064   0.056   0.055   0.056   0.113   0.119   0.247   0.138
  14.500    0.941    0.061   0.061   0.054   0.054   0.054   0.090   0.135   0.278   0.153
  14.520    0.969    0.056   0.057   0.051   0.051   0.051   0.071   0.155   0.304   0.174
  14.540    1.006    0.052   0.052   0.048   0.048   0.047   0.054   0.181   0.322   0.197
  14.560    1.048    0.046   0.046   0.044   0.044   0.045   0.040   0.213   0.337   0.227
  14.580    1.087    0.040   0.040   0.040   0.040   0.040   0.029   0.248   0.343   0.259
  14.600    1.128    0.035   0.034   0.037   0.037   0.036   0.020   0.285   0.348   0.291
  14.620    1.162    0.029   0.029   0.032   0.032   0.032   0.014   0.325   0.341   0.324
  14.640    1.191    0.024   0.023   0.030   0.030   0.029   0.010   0.359   0.326   0.358
  14.660    1.211    0.021   0.019   0.027   0.027   0.027   0.006   0.384   0.307   0.383
  14.680    1.224    0.018   0.017   0.025   0.026   0.026   0.004   0.414   0.284   0.404
  14.700    1.225    0.017   0.015   0.025   0.025   0.025   0.002   0.430   0.255   0.423
  14.720    1.213    0.017   0.016   0.026   0.026   0.026   0.001   0.442   0.227   0.431
  14.740    1.194    0.019   0.017   0.029   0.028   0.028   0.001   0.441   0.197   0.429
  14.760    1.167    0.022   0.021   0.032   0.032   0.032   0.000   0.431   0.168   0.423
  14.780    1.129    0.028   0.027   0.037   0.036   0.037   0.000   0.413   0.142   0.405
  14.800    1.089    0.034   0.033   0.042   0.043   0.042   0.000   0.387   0.119   0.384
  14.820    1.047    0.043   0.042   0.049   0.049   0.049   0.000   0.357   0.100   0.355
  14.840    1.006    0.052   0.052   0.056   0.057   0.057   0.000   0.321   0.085   0.323
  14.860    0.973    0.063   0.063   0.064   0.064   0.065   0.000   0.284   0.077   0.289
  14.880    0.939    0.074   0.074   0.072   0.072   0.072   0.000   0.247   0.074   0.254
  14.900    0.914    0.084   0.085   0.080   0.080   0.080   0.000   0.211   0.075   0.219
  14.920    0.893    0.095   0.096   0.087   0.087   0.087   0.000   0.176   0.082   0.187
  14.940    0.878    0.103   0.105   0.093   0.093   0.092   0.000   0.145   0.091   0.158
  14.960    0.869    0.110   0.111   0.097   0.097   0.098   0.001   0.119   0.106   0.132
  14.980    0.857    0.115   0.116   0.100   0.100   0.100   0.001   0.098   0.122   0.110
  15.000    0.849    0.116   0.118   0.100   0.100   0.101   0.002   0.082   0.142   0.095
  15.020    0.838    0.114   0.115   0.100   0.101   0.100   0.004   0.070   0.160   0.082
  15.040    0.826    0.110   0.112   0.097   0.097   0.096   0.005   0.062   0.179   0.074
  15.060    0.814    0.104   0.105   0.093   0.093   0.093   0.009   0.059   0.195   0.069
  15.080    0.795    0.096   0.096   0.087   0.087   0.086   0.014   0.058   0.212   0.068
  15.100    0.774    0.085   0.086   0.080   0.080   0.080   0.020   0.060   0.221   0.070
  15.120    0.750    0.074   0.074   0.072   0.072   0.072   0.029   0.064   0.227   0.074
  15.140    0.728    0.063   0.064   0.064   0.063   0.063   0.041   0.070   0.228   0.080
  15.160    0.705    0.053   0.053   0.055   0.055   0.055   0.056   0.076   0.223   0.085
  15.180    0.683    0.042   0.042   0.047   0.048   0.047   0.075   0.082   0.215   0.092
  15.200    0.665    0.034   0.033   0.039   0.039   0.039   0.098   0.087   0.202   0.097
  15.220    0.648    0.026   0.025   0.032   0.032   0.032   0.124   0.094   0.187   0.102
  15.240    0.635    0.019   0.019   0.026   0.026   0.026   0.152   0.096   0.167   0.107
  15.260    0.624    0.014   0.013   0.020   0.021   0.020   0.185   0.097   0.149   0.105
  15.280    0.616    0.010   0.009   0.016   0.016   0.016   0.216   0.097   0.130   0.107
  15.300    0.608    0.007   0.007   0.012   0.012   0.012   0.248   0.094   0.113   0.104
  15.320    0.603    0.005   0.004   0.009   0.009   0.009   0.276   0.090   0.099   0.100
  15.340    0.595    0.003   0.003   0.007   0.007   0.007   0.300   0.085   0.088   0.095
  15.360    0.587    0.002   0.002   0.005   0.005   0.005   0.318   0.080   0.080   0.090
  15.380    0.581    0.001   0.001   0.003   0.003   0.003   0.330   0.074   0.079   0.085
  15.400    0.570    0.001   0.001   0.002   0.002   0.002   0.332   0.069   0.079   0.079
  15.420    0.560    0.000   0.000   0.002   0.002   0.002   0.327   0.064   0.087   0.074
  15.440    0.553    0.000   0.000   0.001   0.001   0.001   0.315   0.062   0.099   0.073
  15.460    0.546    0.000   0.000   0.001   0.001   0.001   0.294   0.061   0.115   0.072
  15.480    0.545    0.000   0.000   0.000   0.000   0.000   0.268   0.063   0.135   0.076
  15.500    0.552    0.000   0.000   0.000   0.000   0.000   0.240   0.069   0.157   0.083
  15.520    0.562    0.000   0.000   0.000   0.000   0.000   0.208   0.079   0.180   0.092
  15.540    0.583    0.000   0.000   0.000   0.000   0.000   0.177   0.093   0.204   0.106
  15.560    0.614    0.000   0.000   0.000   0.000   0.000   0.146   0.111   0.227   0.125
  15.580    0.652    0.000   0.000   0.000   0.000   0.000   0.117   0.136   0.250   0.145
  15.600    0.698    0.000   0.000   0.000   0.000   0.000   0.093   0.163   0.268   0.170
  15.620    0.749    0.000   0.000   0.000   0.000   0.000   0.070   0.193   0.283   0.199
  15.640    0.798    0.000   0.000   0.000   0.000   0.000   0.052   0.224   0.289   0.228
  15.660    0.848    0.000   0.000   0.000   0.000   0.000   0.038   0.258   0.291   0.256
  15.680    0.895    0.000   0.000   0.001   0.001   0.001   0.027   0.293   0.287   0.284
  15.700    0.934    0.000   0.000   0.001   0.001   0.001   0.019   0.321   0.278   0.310
  15.720    0.962    0.001   0.000   0.001   0.001   0.001   0.013   0.348   0.263   0.331
  15.740    0.977    0.001   0.001   0.001   0.001   0.001   0.008   0.369   0.243   0.348
  15.760    0.982    0.001   0.001   0.002   0.002   0.002   0.005   0.381   0.224   0.362
  15.780    0.969    0.002   0.001   0.002   0.002   0.002   0.003   0.386   0.201   0.367
  15.800    0.944    0.002   0.002   0.003   0.003   0.003   0.002   0.387   0.179   0.362
  15.820    0.906    0.003   0.003   0.004   0.004   0.004   0.001   0.375   0.158   0.354
  15.840    0.861    0.004   0.004   0.004   0.004   0.004   0.001   0.358   0.140   0.341
  15.860    0.810    0.005   0.005   0.005   0.005   0.005   0.000   0.334   0.128   0.320
  15.880    0.759    0.006   0.006   0.006   0.006   0.007   0.000   0.308   0.121   0.299
  15.900    0.708    0.008   0.007   0.007   0.008   0.007   0.000   0.278   0.119   0.275
  15.920    0.662    0.009   0.008   0.009   0.009   0.009   0.000   0.247   0.123   0.249
  15.940    0.626    0.010   0.010   0.009   0.010   0.010   0.000   0.217   0.134   0.226
  15.960    0.596    0.011   0.011   0.010   0.011   0.010   0.000   0.191   0.151   0.203
  15.980    0.584    0.012   0.012   0.011   0.011   0.011   0.000   0.167   0.174   0.185
  16.000    0.584    0.013   0.013   0.012   0.012   0.012   0.000   0.152   0.201   0.172
  16.020    0.598    0.013   0.014   0.012   0.012   0.012   0.001   0.142   0.229   0.164
  16.040    0.625    0.013   0.014   0.013   0.012   0.012   0.001   0.141   0.261   0.161
  16.060    0.663    0.013   0.014   0.012   0.012   0.012   0.002   0.145   0.292   0.164
  16.080    0.709    0.013   0.014   0.012   0.012   0.012   0.003   0.157   0.320   0.172
  16.100    0.764    0.012   0.013   0.012   0.012   0.012   0.005   0.175   0.346   0.186
  16.120    0.823    0.011   0.012   0.012   0.011   0.011   0.007   0.198   0.363   0.203
  16.140    0.883    0.010   0.011   0.012   0.012   0.012   0.010   0.225   0.375   0.224
  16.160    0.940    0.010   0.010   0.011   0.012   0.011   0.014   0.253   0.379   0.247
  16.180    0.993    0.009   0.009   0.012   0.012   0.012   0.019   0.285   0.377   0.268
  16.200    1.037    0.009   0.008   0.012   0.013   0.012   0.024   0.311   0.364   0.289
  16.220    1.073    0.010   0.009   0.014   0.014   0.014   0.031   0.335   0.347   0.310
  16.240    1.103    0.011   0.010   0.016   0.015   0.016   0.040   0.354   0.323   0.325
  16.260    1.116    0.013   0.012   0.018   0.018   0.018   0.048   0.370   0.296   0.333
  16.280    1.126    0.016   0.015   0.021   0.021   0.022   0.058   0.375   0.268   0.338
  16.300    1.121    0.020   0.019   0.025   0.026   0.026   0.066   0.371   0.238   0.335
  16.320    1.111    0.025   0.024   0.031   0.031   0.031   0.075   0.364   0.210   0.329
  16.340    1.096    0.032   0.031   0.036   0.037   0.037   0.083   0.346   0.186   0.316
  16.360    1.075    0.039   0.039   0.043   0.043   0.043   0.089   0.322   0.166   0.297
  16.380    1.057    0.048   0.047   0.049   0.050   0.050   0.093   0.296   0.152   0.277
  16.400    1.036    0.056   0.056   0.056   0.057   0.056   0.095   0.265   0.145   0.253
  16.420    1.018    0.066   0.066   0.062   0.062   0.063   0.095   0.233   0.144   0.229
  16.440    1.006    0.074   0.075   0.069   0.069   0.069   0.093   0.205   0.152   0.203
  16.460    0.995    0.081   0.083   0.074   0.074   0.075   0.088   0.175   0.165   0.182
  16.480    0.986    0.087   0.089   0.079   0.078   0.078   0.082   0.152   0.184   0.159
  16.500    0.981    0.092   0.093   0.082   0.082   0.082   0.073   0.129   0.206   0.142
  16.520    0.978    0.095   0.096   0.083   0.083   0.083   0.064   0.114   0.232   0.129
  16.540    0.977    0.095   0.096   0.083   0.083   0.084   0.056   0.104   0.258   0.119
  16.560    0.973    0.092   0.093   0.082   0.082   0.081   0.047   0.100   0.284   0.113
  16.580    0.970    0.088   0.089   0.079   0.079   0.078   0.038   0.099   0.308   0.111
  16.600    0.963    0.082   0.083   0.075   0.075   0.075   0.031   0.103   0.329   0.111
  16.620    0.952    0.075   0.075   0.071   0.070   0.071   0.023   0.111   0.344   0.115
  16.640    0.933    0.066   0.067   0.065   0.065   0.065   0.018   0.121   0.350   0.121
  16.660    0.914    0.058   0.058   0.059   0.059   0.059   0.013   0.132   0.350   0.127
  16.680    0.888    0.049   0.049   0.053   0.053   0.053   0.009   0.146   0.343   0.136
  16.700    0.858    0.043   0.042   0.048   0.048   0.048   0.007   0.154   0.327   0.142
  16.720    0.826    0.036   0.036   0.043   0.044   0.043   0.004   0.165   0.309   0.147
  16.740    0.793    0.032   0.031   0.039   0.040   0.040   0.003   0.173   0.285   0.153
  16.760    0.757    0.028   0.028   0.037   0.037   0.037   0.002   0.174   0.259   0.155
  16.780    0.723    0.027   0.026   0.036   0.036   0.036   0.001   0.176   0.231   0.156
  16.800    0.688    0.027   0.026   0.036   0.036   0.036   0.001   0.173   0.201   0.155
  16.820    0.659    0.029   0.028   0.037   0.037   0.037   0.000   0.167   0.176   0.150
  16.840    0.633    0.033   0.032   0.038   0.038   0.039   0.000   0.158   0.152   0.145
  16.860    0.617    0.037   0.036   0.042   0.041   0.041   0.000   0.146   0.133   0.140
  16.880    0.606    0.043   0.042   0.044   0.044   0.044   0.000   0.136   0.118   0.134
  16.900    0.602    0.048   0.048   0.048   0.048   0.048   0.000   0.126   0.106   0.129
  16.920    0.606    0.053   0.054   0.052   0.051   0.051   0.000   0.119   0.102   0.125
  16.940    0.617    0.058   0.059   0.054   0.054   0.054   0.001   0.111   0.100   0.123
  16.960    0.637    0.062   0.063   0.057   0.057   0.057   0.001   0.111   0.103   0.123
  16.980    0.663    0.065   0.066   0.058   0.058   0.059   0.002   0.114   0.107   0.129
  17.000    0.696    0.067   0.068   0.059   0.059   0.059   0.003   0.122   0.115   0.140
  17.020    0.734    0.066   0.068   0.059   0.058   0.059   0.005   0.137   0.125   0.153
  17.040    0.777    0.065   0.066   0.058   0.058   0.058   0.008   0.157   0.132   0.170
  17.060    0.822    0.062   0.063   0.056   0.056   0.056   0.011   0.181   0.142   0.191
  17.080    0.871    0.058   0.058   0.053   0.053   0.053   0.017   0.209   0.149   0.215
  17.100    0.920    0.053   0.053   0.050   0.049   0.050   0.023   0.241   0.153   0.242
  17.120    0.969    0.047   0.047   0.046   0.046   0.045   0.032   0.277   0.155   0.270
  17.140    1.015    0.041   0.041   0.042   0.041   0.042   0.043   0.307   0.154   0.295
  17.160    1.058    0.035   0.035   0.038   0.038   0.038   0.056   0.340   0.152   0.320
  17.180    1.093    0.030   0.030   0.034   0.034   0.034   0.072   0.369   0.148   0.341
  17.200    1.123    0.026   0.025   0.031   0.031   0.031   0.089   0.389   0.139   0.358
  17.220    1.143    0.023   0.022   0.028   0.028   0.028   0.107   0.407   0.133   0.366
  17.240    1.155    0.021   0.020   0.026   0.026   0.026   0.127   0.411   0.123   0.374
  17.260    1.152    0.019   0.019   0.025   0.025   0.025   0.145   0.407   0.114   0.371
  17.280    1.143    0.019   0.019   0.025   0.025   0.025   0.162   0.397   0.108   0.362
  17.300    1.124    0.021   0.020   0.025   0.026   0.026   0.178   0.376   0.104   0.347
  17.320    1.097    0.023   0.023   0.027   0.027   0.027   0.189   0.353   0.102   0.327
  17.340    1.063    0.026   0.025   0.028   0.028   0.028   0.195   0.323   0.105   0.304
  17.360    1.029    0.029   0.029   0.030   0.030   0.030   0.198   0.293   0.113   0.280
  17.380    0.987    0.032   0.032   0.031   0.031   0.032   0.197   0.258   0.122   0.252
  17.400    0.949    0.035   0.036   0.033   0.033   0.033   0.189   0.226   0.137   0.227
  17.420    0.912    0.038   0.038   0.035   0.035   0.035   0.178   0.193   0.155   0.202
  17.440    0.877    0.040   0.040   0.036   0.036   0.036   0.163   0.167   0.175   0.179
  17.460    0.847    0.041   0.042   0.037   0.036   0.036   0.146   0.146   0.198   0.160
  17.480    0.822    0.041   0.042   0.037   0.037   0.037   0.127   0.128   0.221   0.145
  17.500    0.800    0.042   0.041   0.036   0.036   0.036   0.108   0.116   0.245   0.134
  17.520    0.782    0.040   0.039   0.035   0.035   0.035   0.090   0.110   0.262   0.128
  17.540    0.767    0.037   0.037   0.034   0.034   0.034   0.072   0.107   0.278   0.125
  17.560    0.754    0.034   0.034   0.032   0.032   0.032   0.057   0.109   0.290   0.127
  17.580    0.742    0.031   0.030   0.030   0.030   0.030   0.044   0.113   0.298   0.128
  17.600    0.727    0.027   0.027   0.027   0.028   0.027   0.033   0.118   0.299   0.132
  17.620    0.712    0.024   0.024   0.026   0.026   0.026   0.024   0.124   0.293   0.139
  17.640    0.696    0.021   0.021   0.024   0.024   0.024   0.017   0.130   0.282   0.143
  17.660    0.676    0.019   0.019   0.022   0.022   0.023   0.012   0.136   0.267   0.148
  17.680    0.652    0.017   0.017   0.021   0.021   0.022   0.008   0.139   0.249   0.150
  17.700    0.630    0.017   0.016   0.021   0.021   0.021   0.005   0.140   0.228   0.152
  17.720    0.604    0.017   0.016   0.021   0.021   0.021   0.003   0.138   0.208   0.149
  17.740    0.584    0.018   0.018   0.022   0.022   0.022   0.002   0.135   0.191   0.145
  17.760    0.562    0.020   0.020   0.024   0.023   0.023   0.001   0.130   0.175   0.140
  17.780    0.545    0.022   0.022   0.025   0.025   0.025   0.001   0.123   0.164   0.133
  17.800    0.532    0.026   0.025   0.027   0.027   0.027   0.001   0.113   0.154   0.125
  17.820    0.524    0.029   0.029   0.029   0.029   0.029   0.001   0.104   0.154   0.115
  17.840    0.523    0.032   0.032   0.031   0.031   0.031   0.001   0.096   0.158   0.106
  17.860    0.525    0.035   0.035   0.033   0.033   0.033   0.001   0.087   0.166   0.097
  17.880    0.537    0.037   0.038   0.034   0.034   0.035   0.002   0.080   0.180   0.090
  17.900    0.552    0.039   0.040   0.036   0.035   0.035   0.003   0.076   0.196   0.085
  17.920    0.569    0.040   0.041   0.036   0.036   0.036   0.005   0.073   0.217   0.080
  17.940    0.590    0.040   0.041   0.036   0.036   0.036   0.008   0.072   0.233   0.079
  17.960    0.614    0.040   0.040   0.036   0.036   0.036   0.012   0.075   0.254   0.080
  17.980    0.636    0.038   0.038   0.035   0.035   0.035   0.017   0.078   0.270   0.083
  18.000    0.658    0.035   0.035   0.034   0.034   0.034   0.024   0.085   0.282   0.087
  18.020    0.677    0.033   0.033   0.033   0.033   0.033   0.033   0.092   0.292   0.092
  18.040    0.698    0.030   0.030   0.031   0.031   0.031   0.044   0.099   0.294   0.098
  18.060    0.715    0.028   0.027   0.030   0.030   0.030   0.058   0.108   0.291   0.104
  18.080    0.728    0.025   0.025   0.029   0.029   0.030   0.074   0.116   0.281   0.110
  18.100    0.740    0.024   0.024   0.029   0.029   0.029   0.091   0.125   0.268   0.116
  18.120    0.752    0.024   0.023   0.030   0.030   0.030   0.110   0.129   0.252   0.121
  18.140    0.762    0.024   0.024   0.031   0.031   0.031   0.132   0.131   0.231   0.121
  18.160    0.769    0.027   0.026   0.032   0.032   0.032   0.150   0.132   0.209   0.124
  18.180    0.776    0.030   0.029   0.035   0.035   0.035   0.169   0.129   0.186   0.122
  18.200    0.785    0.034   0.034   0.038   0.039   0.039   0.185   0.129   0.166   0.120
  18.220    0.792    0.039   0.039   0.042   0.043   0.043   0.197   0.123   0.147   0.118
  18.240    0.800    0.046   0.045   0.047   0.047   0.047   0.206   0.117   0.131   0.115
  18.260    0.808    0.052   0.052   0.051   0.051   0.051   0.209   0.112   0.119   0.112
  18.280    0.815    0.058   0.058   0.055   0.056   0.056   0.207   0.107   0.109   0.111
  18.300    0.823    0.064   0.064   0.059   0.059   0.059   0.200   0.105   0.104   0.111
  18.320    0.832    0.068   0.069   0.062   0.062   0.063   0.189   0.105   0.104   0.113
  18.340    0.840    0.072   0.073   0.065   0.064   0.064   0.174   0.109   0.106   0.119
  18.360    0.848    0.074   0.074   0.066   0.065   0.066   0.156   0.115   0.112   0.124
  18.380    0.857    0.074   0.075   0.066   0.065   0.065   0.136   0.127   0.117   0.137
  18.400    0.867    0.072   0.073   0.065   0.065   0.065   0.117   0.142   0.125   0.152
  18.420    0.876    0.070   0.070   0.063   0.063   0.062   0.097   0.161   0.131   0.169
  18.440    0.887    0.065   0.066   0.060   0.060   0.060   0.079   0.182   0.137   0.187
  18.460    0.893    0.059   0.060   0.056   0.056   0.056   0.063   0.205   0.141   0.207
  18.480    0.897    0.053   0.053   0.052   0.052   0.052   0.048   0.228   0.141   0.227
  18.500    0.903    0.047   0.047   0.047   0.048   0.048   0.036   0.251   0.142   0.248
  18.520    0.901    0.041   0.041   0.044   0.043   0.044   0.026   0.270   0.138   0.263
  18.540    0.897    0.035   0.035   0.039   0.039   0.039   0.019   0.289   0.134   0.276
  18.560    0.888    0.031   0.030   0.036   0.036   0.036   0.013   0.299   0.128   0.286
  18.580    0.874    0.027   0.026   0.033   0.033   0.033   0.009   0.306   0.124   0.293
  18.600    0.861    0.025   0.024   0.030   0.030   0.030   0.006   0.309   0.120   0.296
  18.620    0.840    0.023   0.023   0.029   0.029   0.029   0.004   0.303   0.117   0.289
  18.640    0.820    0.023   0.023   0.028   0.028   0.028   0.002   0.293   0.119   0.282
  18.660    0.799    0.024   0.024   0.028   0.028   0.028   0.002   0.276   0.124   0.272
  18.680    0.784    0.026   0.025   0.028   0.028   0.028   0.001   0.259   0.134   0.257
  18.700    0.772    0.027   0.028   0.029   0.029   0.029   0.001   0.241   0.148   0.243
  18.720    0.767    0.030   0.030   0.029   0.029   0.030   0.001   0.223   0.169   0.228
  18.740    0.768    0.031   0.032   0.030   0.031   0.030   0.001   0.207   0.194   0.216
  18.760    0.780    0.034   0.034   0.031   0.031   0.031   0.002   0.195   0.220   0.207
  18.780    0.798    0.035   0.035   0.031   0.031   0.031   0.003   0.186   0.252   0.198
  18.800    0.823    0.035   0.035   0.031   0.031   0.031   0.004   0.182   0.282   0.196
  18.820    0.855    0.035   0.035   0.031   0.031   0.031   0.006   0.184   0.309   0.199
  18.840    0.891    0.033   0.034   0.030   0.030   0.030   0.009   0.192   0.337   0.202
  18.860    0.930    0.031   0.032   0.028   0.028   0.028   0.012   0.202   0.362   0.213
  18.880    0.967    0.029   0.030   0.027   0.027   0.027   0.017   0.219   0.375   0.224
  18.900    1.000    0.027   0.026   0.024   0.024   0.025   0.023   0.237   0.386   0.236
  18.920    1.027    0.023   0.023   0.022   0.022   0.022   0.030   0.255   0.384   0.250
  18.940    1.046    0.020   0.020   0.020   0.020   0.020   0.038   0.274   0.377   0.264
  18.960    1.054    0.016   0.017   0.017   0.017   0.017   0.047   0.292   0.362   0.276
  18.980    1.051    0.014   0.014   0.015   0.015   0.015   0.056   0.303   0.342   0.285
  19.000    1.034    0.011   0.011   0.012   0.012   0.012   0.066   0.311   0.315   0.290
  19.020    1.008    0.008   0.008   0.010   0.010   0.010   0.076   0.312   0.287   0.291
  19.040    0.971    0.006   0.006   0.008   0.008   0.008   0.085   0.309   0.256   0.288
  19.060    0.927    0.005   0.004   0.007   0.007   0.006   0.093   0.298   0.229   0.283
  19.080    0.874    0.003   0.003   0.005   0.005   0.005   0.099   0.286   0.201   0.271
  19.100    0.817    0.002   0.002   0.004   0.004   0.004   0.103   0.268   0.175   0.257
  19.120    0.759    0.002   0.001   0.003   0.003   0.003   0.105   0.247   0.155   0.241
  19.140    0.703    0.001   0.001   0.002   0.002   0.002   0.103   0.227   0.139   0.226
  19.160    0.652    0.001   0.001   0.002   0.002   0.002   0.100   0.207   0.129   0.209
  19.180    0.606    0.000   0.000   0.001   0.001   0.001   0.095   0.189   0.121   0.197
  19.200    0.568    0.000   0.000   0.001   0.001   0.001   0.087   0.175   0.118   0.185
  19.220    0.541    0.000   0.000   0.001   0.001   0.001   0.079   0.165   0.118   0.177
  19.240    0.523    0.000   0.000   0.001   0.001   0.001   0.069   0.159   0.119   0.171
  19.260    0.513    0.000   0.000   0.001   0.001   0.001   0.059   0.156   0.122   0.171
  19.280    0.513    0.001   0.000   0.001   0.002   0.001   0.050   0.159   0.124   0.173
  19.300    0.515    0.001   0.001   0.002   0.002   0.002   0.040   0.165   0.125   0.177
  19.320    0.526    0.001   0.001   0.002   0.002   0.002   0.032   0.172   0.126   0.184
  19.340    0.539    0.002   0.002   0.003   0.003   0.003   0.025   0.182   0.126   0.190
  19.360    0.553    0.003   0.003   0.004   0.004   0.004   0.019   0.192   0.124   0.197
  19.380    0.566    0.004   0.004   0.006   0.006   0.006   0.014   0.203   0.119   0.204
  19.400    0.575    0.005   0.005   0.007   0.007   0.007   0.010   0.210   0.113   0.209
  19.420    0.580    0.007   0.007   0.009   0.009   0.009   0.007   0.212   0.107   0.212
  19.440    0.580    0.009   0.009   0.011   0.011   0.011   0.005   0.212   0.099   0.211
  19.460    0.578    0.011   0.011   0.013   0.013   0.013   0.003   0.211   0.091   0.209
  19.480    0.572    0.014   0.014   0.015   0.015   0.015   0.002   0.205   0.085   0.206
  19.500    0.565    0.017   0.017   0.017   0.017   0.017   0.002   0.198   0.080   0.199
  19.520    0.554    0.020   0.020   0.020   0.020   0.020   0.001   0.186   0.076   0.192
  19.540    0.546    0.023   0.023   0.022   0.022   0.022   0.001   0.176   0.074   0.182
  19.560    0.539    0.026   0.026   0.024   0.024   0.024   0.002   0.166   0.074   0.175
  19.580    0.535    0.028   0.028   0.026   0.026   0.026   0.003   0.157   0.076   0.167
  19.600    0.536    0.030   0.030   0.027   0.027   0.027   0.004   0.151   0.080   0.162
  19.620    0.540    0.031   0.031   0.028   0.028   0.028   0.006   0.149   0.085   0.157
  19.640    0.551    0.032   0.032   0.028   0.028   0.028   0.009   0.148   0.092   0.157
  19.660    0.567    0.032   0.032   0.028   0.028   0.028   0.013   0.151   0.098   0.160
  19.680    0.588    0.031   0.031   0.028   0.028   0.028   0.019   0.158   0.104   0.165
  19.700    0.612    0.029   0.030   0.027   0.027   0.027   0.026   0.168   0.109   0.172
  19.720    0.638    0.028   0.027   0.026   0.026   0.026   0.035   0.180   0.113   0.180
  19.740    0.668    0.026   0.025   0.025   0.025   0.025   0.045   0.196   0.114   0.191
  19.760    0.699    0.023   0.023   0.024   0.024   0.024   0.058   0.210   0.115   0.202
  19.780    0.726    0.021   0.021   0.023   0.023   0.023   0.072   0.221   0.115   0.210
  19.800    0.756    0.020   0.020   0.023   0.023   0.023   0.088   0.234   0.114   0.218
  19.820    0.777    0.019   0.019   0.022   0.022   0.022   0.105   0.240   0.112   0.222
  19.840    0.796    0.019   0.018   0.022   0.022   0.023   0.121   0.241   0.110   0.223
  19.860    0.812    0.019   0.019   0.023   0.023   0.023   0.136   0.239   0.112   0.222
  19.880    0.821    0.021   0.020   0.023   0.023   0.024   0.149   0.232   0.116   0.217
  19.900    0.827    0.022   0.022   0.025   0.024   0.024   0.159   0.222   0.122   0.209
  19.920    0.831    0.025   0.024   0.026   0.026   0.026   0.166   0.209   0.131   0.200
  19.940    0.830    0.027   0.027   0.027   0.027   0.027   0.171   0.194   0.145   0.185
  19.960    0.826    0.030   0.030   0.029   0.029   0.029   0.169   0.177   0.163   0.172
  19.980    0.819    0.032   0.032   0.030   0.030   0.030   0.165   0.159   0.185   0.157
  20.000    0.813    0.034   0.034   0.032   0.032   0.031   0.156   0.142   0.210   0.144
  20.020    0.805    0.035   0.036   0.033   0.033   0.032   0.144   0.126   0.235   0.130
  20.040    0.796    0.036   0.036   0.033   0.033   0.033   0.130   0.113   0.262   0.119
  20.060    0.786    0.036   0.037   0.034   0.033   0.034   0.114   0.103   0.286   0.110
  20.080    0.775    0.035   0.036   0.033   0.034   0.034   0.098   0.094   0.309   0.102
  20.100    0.764    0.034   0.035   0.033   0.034   0.033   0.082   0.091   0.326   0.097
  20.120    0.750    0.033   0.033   0.033   0.033   0.033   0.067   0.087   0.338   0.093
  20.140    0.735    0.032   0.031   0.033   0.033   0.033   0.053   0.087   0.344   0.091
  20.160    0.719    0.030   0.030   0.033   0.032   0.032   0.041   0.087   0.344   0.090
  20.180    0.699    0.029   0.029   0.033   0.033   0.033   0.031   0.087   0.334   0.088
  20.200    0.683    0.029   0.029   0.034   0.034   0.034   0.023   0.090   0.324   0.089
  20.220    0.664    0.030   0.029   0.035   0.035   0.035   0.017   0.090   0.306   0.088
  20.240    0.649    0.032   0.031   0.037   0.037   0.037   0.012   0.090   0.284   0.089
  20.260    0.634    0.035   0.035   0.040   0.040   0.040   0.008   0.090   0.259   0.086
  20.280    0.623    0.039   0.039   0.043   0.043   0.043   0.005   0.087   0.237   0.085
  20.300    0.617    0.044   0.044   0.046   0.047   0.047   0.004   0.086   0.214   0.083
  20.320    0.614    0.049   0.050   0.050   0.051   0.050   0.003   0.083   0.195   0.082
  20.340    0.615    0.055   0.056   0.054   0.055   0.055   0.002   0.078   0.177   0.079
  20.360    0.620    0.061   0.062   0.058   0.058   0.058   0.002   0.076   0.165   0.077
  20.380    0.629    0.066   0.067   0.061   0.061   0.061   0.003   0.073   0.158   0.076
  20.400    0.641    0.070   0.071   0.064   0.064   0.064   0.004   0.072   0.152   0.077
  20.420    0.652    0.073   0.073   0.065   0.065   0.065   0.006   0.071   0.151   0.076
  20.440    0.665    0.074   0.075   0.066   0.066   0.066   0.009   0.072   0.151   0.079
  20.460    0.675    0.073   0.074   0.066   0.066   0.065   0.013   0.075   0.155   0.082
  20.480    0.684    0.071   0.072   0.064   0.064   0.064   0.019   0.079   0.156   0.087
