 Substance:PTOpf       2022/06/13 18:38:40                     
 Input files: PTOpf.dat to ./data/PTOpf.dat step           1
 Supercell size:         128
 Integration Monte Carlo      20000000 cell pairs
 Atoms/unit_cell:           5
 Atoms  :    Pb      Ti      O1      O2      O3  
 Atom no.        1       2       3       4       5
 Occup's:   1.0000  1.0000  1.0000  1.0000  1.0000
 at_weights:   1.0000  1.0000  1.0000  1.0000  1.0000
 Masks	:        1       1       1       1       1

 Atom pair partials:
                       1       2       3       4       5       1       1       2       3
                       1       2       3       4       5       2       3       3       4
   r(A^)   PDF_tot   PDF partials (cf. above)
   0.020    0.000    0.000   0.000   0.000   0.000   0.000   0.000   0.000   0.000   0.000
   0.040    0.000    0.000   0.000   0.000   0.000   0.000   0.000   0.000   0.000   0.000
   0.060    0.000    0.000   0.000   0.000   0.000   0.000   0.000   0.000   0.000   0.000
   0.080    0.000    0.000   0.000   0.000   0.000   0.000   0.000   0.000   0.000   0.000
   0.100    0.000    0.000   0.000   0.000   0.000   0.000   0.000   0.000   0.000   0.000
   0.120    0.000    0.000   0.000   0.000   0.000   0.000   0.000   0.000   0.000   0.000
   0.140    0.000    0.000   0.000   0.000   0.000   0.000   0.000   0.000   0.000   0.000
   0.160    0.000    0.000   0.000   0.000   0.000   0.000   0.000   0.000   0.000   0.000
   0.180    0.000    0.000   0.000   0.000   0.000   0.000   0.000   0.000   0.000   0.000
   0.200    0.000    0.000   0.000   0.000   0.000   0.000   0.000   0.000   0.000   0.000
   0.220    0.000    0.000   0.000   0.000   0.000   0.000   0.000   0.000   0.000   0.000
   0.240    0.000    0.000   0.000   0.000   0.000   0.000   0.000   0.000   0.000   0.000
   0.260    0.000    0.000   0.000   0.000   0.000   0.000   0.000   0.000   0.000   0.000
   0.280    0.000    0.000   0.000   0.000   0.000   0.000   0.000   0.000   0.000   0.000
   0.300    0.000    0.000   0.000   0.000   0.000   0.000   0.000   0.000   0.000   0.000
   0.320    0.000    0.000   0.000   0.000   0.000   0.000   0.000   0.000   0.000   0.000
   0.340    0.000    0.000   0.000   0.000   0.000   0.000   0.000   0.000   0.000   0.000
   0.360    0.000    0.000   0.000   0.000   0.000   0.000   0.000   0.000   0.000   0.000
   0.380    0.000    0.000   0.000   0.000   0.000   0.000   0.000   0.000   0.000   0.000
   0.400    0.000    0.000   0.000   0.000   0.000   0.000   0.000   0.000   0.000   0.000
   0.420    0.000    0.000   0.000   0.000   0.000   0.000   0.000   0.000   0.000   0.000
   0.440    0.000    0.000   0.000   0.000   0.000   0.000   0.000   0.000   0.000   0.000
   0.460    0.000    0.000   0.000   0.000   0.000   0.000   0.000   0.000   0.000   0.000
   0.480    0.000    0.000   0.000   0.000   0.000   0.000   0.000   0.000   0.000   0.000
   0.500    0.000    0.000   0.000   0.000   0.000   0.000   0.000   0.000   0.000   0.000
   0.520    0.000    0.000   0.000   0.000   0.000   0.000   0.000   0.000   0.000   0.000
   0.540    0.000    0.000   0.000   0.000   0.000   0.000   0.000   0.000   0.000   0.000
   0.560    0.000    0.000   0.000   0.000   0.000   0.000   0.000   0.000   0.000   0.000
   0.580    0.000    0.000   0.000   0.000   0.000   0.000   0.000   0.000   0.000   0.000
   0.600    0.000    0.000   0.000   0.000   0.000   0.000   0.000   0.000   0.000   0.000
   0.620    0.000    0.000   0.000   0.000   0.000   0.000   0.000   0.000   0.000   0.000
   0.640    0.000    0.000   0.000   0.000   0.000   0.000   0.000   0.000   0.000   0.000
   0.660    0.000    0.000   0.000   0.000   0.000   0.000   0.000   0.000   0.000   0.000
   0.680    0.000    0.000   0.000   0.000   0.000   0.000   0.000   0.000   0.000   0.000
   0.700    0.000    0.000   0.000   0.000   0.000   0.000   0.000   0.000   0.000   0.000
   0.720    0.000    0.000   0.000   0.000   0.000   0.000   0.000   0.000   0.000   0.000
   0.740    0.000    0.000   0.000   0.000   0.000   0.000   0.000   0.000   0.000   0.000
   0.760    0.000    0.000   0.000   0.000   0.000   0.000   0.000   0.000   0.000   0.000
   0.780    0.000    0.000   0.000   0.000   0.000   0.000   0.000   0.000   0.000   0.000
   0.800    0.000    0.000   0.000   0.000   0.000   0.000   0.000   0.000   0.000   0.000
   0.820    0.000    0.000   0.000   0.000   0.000   0.000   0.000   0.000   0.000   0.000
   0.840    0.000    0.000   0.000   0.000   0.000   0.000   0.000   0.000   0.000   0.000
   0.860    0.000    0.000   0.000   0.000   0.000   0.000   0.000   0.000   0.000   0.000
   0.880    0.000    0.000   0.000   0.000   0.000   0.000   0.000   0.000   0.000   0.000
   0.900    0.000    0.000   0.000   0.000   0.000   0.000   0.000   0.000   0.000   0.000
   0.920    0.000    0.000   0.000   0.000   0.000   0.000   0.000   0.000   0.000   0.000
   0.940    0.000    0.000   0.000   0.000   0.000   0.000   0.000   0.000   0.000   0.000
   0.960    0.000    0.000   0.000   0.000   0.000   0.000   0.000   0.000   0.000   0.000
   0.980    0.000    0.000   0.000   0.000   0.000   0.000   0.000   0.000   0.000   0.000
   1.000    0.000    0.000   0.000   0.000   0.000   0.000   0.000   0.000   0.000   0.000
   1.020    0.000    0.000   0.000   0.000   0.000   0.000   0.000   0.000   0.000   0.000
   1.040    0.000    0.000   0.000   0.000   0.000   0.000   0.000   0.000   0.000   0.000
   1.060    0.000    0.000   0.000   0.000   0.000   0.000   0.000   0.000   0.000   0.000
   1.080    0.000    0.000   0.000   0.000   0.000   0.000   0.000   0.000   0.000   0.000
   1.100    0.000    0.000   0.000   0.000   0.000   0.000   0.000   0.000   0.000   0.000
   1.120    0.000    0.000   0.000   0.000   0.000   0.000   0.000   0.000   0.000   0.000
   1.140    0.000    0.000   0.000   0.000   0.000   0.000   0.000   0.000   0.000   0.000
   1.160    0.000    0.000   0.000   0.000   0.000   0.000   0.000   0.000   0.000   0.000
   1.180    0.000    0.000   0.000   0.000   0.000   0.000   0.000   0.000   0.000   0.000
   1.200    0.000    0.000   0.000   0.000   0.000   0.000   0.000   0.000   0.000   0.000
   1.220    0.000    0.000   0.000   0.000   0.000   0.000   0.000   0.000   0.000   0.000
   1.240    0.000    0.000   0.000   0.000   0.000   0.000   0.000   0.000   0.000   0.000
   1.260    0.000    0.000   0.000   0.000   0.000   0.000   0.000   0.000   0.000   0.000
   1.280    0.000    0.000   0.000   0.000   0.000   0.000   0.000   0.000   0.000   0.000
   1.300    0.000    0.000   0.000   0.000   0.000   0.000   0.000   0.000   0.000   0.000
   1.320    0.000    0.000   0.000   0.000   0.000   0.000   0.000   0.000   0.000   0.000
   1.340    0.000    0.000   0.000   0.000   0.000   0.000   0.000   0.000   0.000   0.000
   1.360    0.000    0.000   0.000   0.000   0.000   0.000   0.000   0.000   0.000   0.000
   1.380    0.000    0.000   0.000   0.000   0.000   0.000   0.000   0.000   0.000   0.000
   1.400    0.000    0.000   0.000   0.000   0.000   0.000   0.000   0.000   0.000   0.000
   1.420    0.000    0.000   0.000   0.000   0.000   0.000   0.000   0.000   0.000   0.000
   1.440    0.000    0.000   0.000   0.000   0.000   0.000   0.000   0.000   0.000   0.000
   1.460    0.000    0.000   0.000   0.000   0.000   0.000   0.000   0.000   0.000   0.000
   1.480    0.000    0.000   0.000   0.000   0.000   0.000   0.000   0.000   0.000   0.000
   1.500    0.000    0.000   0.000   0.000   0.000   0.000   0.000   0.000   0.000   0.000
   1.520    0.000    0.000   0.000   0.000   0.000   0.000   0.000   0.000   0.000   0.000
   1.540    0.000    0.000   0.000   0.000   0.000   0.000   0.000   0.000   0.000   0.000
   1.560    0.000    0.000   0.000   0.000   0.000   0.000   0.000   0.000   0.000   0.000
   1.580    0.000    0.000   0.000   0.000   0.000   0.000   0.000   0.000   0.000   0.000
   1.600    0.000    0.000   0.000   0.000   0.000   0.000   0.000   0.000   0.000   0.000
   1.620    0.000    0.000   0.000   0.000   0.000   0.000   0.000   0.000   0.000   0.000
   1.640    0.000    0.000   0.000   0.000   0.000   0.000   0.000   0.000   0.000   0.000
   1.660    0.000    0.000   0.000   0.000   0.000   0.000   0.000   0.000   0.000   0.000
   1.680    0.000    0.000   0.000   0.000   0.000   0.000   0.000   0.000   0.000   0.000
   1.700    0.000    0.000   0.000   0.000   0.000   0.000   0.000   0.000   0.000   0.000
   1.720    0.000    0.000   0.000   0.000   0.000   0.000   0.000   0.000   0.000   0.000
   1.740    0.000    0.000   0.000   0.000   0.000   0.000   0.000   0.000   0.000   0.000
   1.760    0.000    0.000   0.000   0.000   0.000   0.000   0.000   0.000   0.000   0.000
   1.780    0.000    0.000   0.000   0.000   0.000   0.000   0.000   0.000   0.000   0.000
   1.800    0.000    0.000   0.000   0.000   0.000   0.000   0.000   0.000   0.000   0.000
   1.820    0.000    0.000   0.000   0.000   0.000   0.000   0.000   0.000   0.000   0.000
   1.840    0.000    0.000   0.000   0.000   0.000   0.000   0.000   0.000   0.000   0.000
   1.860    0.000    0.000   0.000   0.000   0.000   0.000   0.000   0.000   0.000   0.000
   1.880    0.000    0.000   0.000   0.000   0.000   0.000   0.000   0.000   0.000   0.000
   1.900    0.000    0.000   0.000   0.000   0.000   0.000   0.000   0.000   0.000   0.000
   1.920    0.000    0.000   0.000   0.000   0.000   0.000   0.000   0.000   0.000   0.000
   1.940    0.000    0.000   0.000   0.000   0.000   0.000   0.000   0.000   0.000   0.000
   1.960    0.000    0.000   0.000   0.000   0.000   0.000   0.000   0.000   0.000   0.000
   1.980    0.150    0.000   0.000   0.000   0.000   0.000   0.000   0.000   0.075   0.000
   2.000   14.998    0.000   0.000   0.000   0.000   0.000   0.000   0.000  15.131   0.000
   2.020    0.173    0.000   0.000   0.000   0.000   0.000   0.000   0.000   0.104   0.000
   2.040    0.002    0.000   0.000   0.000   0.000   0.000   0.000   0.000   0.000   0.000
   2.060    0.000    0.000   0.000   0.000   0.000   0.000   0.000   0.000   0.000   0.000
   2.080    0.000    0.000   0.000   0.000   0.000   0.000   0.000   0.000   0.000   0.000
   2.100    0.000    0.000   0.000   0.000   0.000   0.000   0.000   0.000   0.000   0.000
   2.120    0.000    0.000   0.000   0.000   0.000   0.000   0.000   0.000   0.000   0.000
   2.140    0.000    0.000   0.000   0.000   0.000   0.000   0.000   0.000   0.000   0.000
   2.160    0.000    0.000   0.000   0.000   0.000   0.000   0.000   0.000   0.000   0.000
   2.180    0.000    0.000   0.000   0.000   0.000   0.000   0.000   0.000   0.000   0.000
   2.200    0.000    0.000   0.000   0.000   0.000   0.000   0.000   0.000   0.000   0.000
   2.220    0.000    0.000   0.000   0.000   0.000   0.000   0.000   0.000   0.000   0.000
   2.240    0.000    0.000   0.000   0.000   0.000   0.000   0.000   0.000   0.000   0.000
   2.260    0.000    0.000   0.000   0.000   0.000   0.000   0.000   0.000   0.000   0.000
   2.280    0.000    0.000   0.000   0.000   0.000   0.000   0.000   0.000   0.000   0.000
   2.300    0.000    0.000   0.000   0.000   0.000   0.000   0.000   0.000   0.000   0.000
   2.320    0.000    0.000   0.000   0.000   0.000   0.000   0.000   0.000   0.000   0.000
   2.340    0.000    0.000   0.000   0.000   0.000   0.000   0.000   0.000   0.000   0.000
   2.360    0.000    0.000   0.000   0.000   0.000   0.000   0.000   0.000   0.000   0.000
   2.380    0.000    0.000   0.000   0.000   0.000   0.000   0.000   0.000   0.000   0.000
   2.400    0.000    0.000   0.000   0.000   0.000   0.000   0.000   0.000   0.000   0.000
   2.420    0.000    0.000   0.000   0.000   0.000   0.000   0.000   0.000   0.000   0.000
   2.440    0.000    0.000   0.000   0.000   0.000   0.000   0.000   0.000   0.000   0.000
   2.460    0.000    0.000   0.000   0.000   0.000   0.000   0.000   0.000   0.000   0.000
   2.480    0.000    0.000   0.000   0.000   0.000   0.000   0.000   0.000   0.000   0.000
   2.500    0.000    0.000   0.000   0.000   0.000   0.000   0.000   0.000   0.000   0.000
   2.520    0.000    0.000   0.000   0.000   0.000   0.000   0.000   0.000   0.000   0.000
   2.540    0.000    0.000   0.000   0.000   0.000   0.000   0.000   0.000   0.000   0.000
   2.560    0.000    0.000   0.000   0.000   0.000   0.000   0.000   0.000   0.000   0.000
   2.580    0.000    0.000   0.000   0.000   0.000   0.000   0.000   0.000   0.000   0.000
   2.600    0.000    0.000   0.000   0.000   0.000   0.000   0.000   0.000   0.000   0.000
   2.620    0.000    0.000   0.000   0.000   0.000   0.000   0.000   0.000   0.000   0.000
   2.640    0.000    0.000   0.000   0.000   0.000   0.000   0.000   0.000   0.000   0.000
   2.660    0.000    0.000   0.000   0.000   0.000   0.000   0.000   0.000   0.000   0.000
   2.680    0.000    0.000   0.000   0.000   0.000   0.000   0.000   0.000   0.000   0.000
   2.700    0.000    0.000   0.000   0.000   0.000   0.000   0.000   0.000   0.000   0.000
   2.720    0.001    0.000   0.000   0.000   0.000   0.000   0.000   0.000   0.000   0.000
   2.740    0.016    0.000   0.000   0.000   0.000   0.000   0.000   0.034   0.000   0.000
   2.760    1.236    0.000   0.000   0.000   0.000   0.000   0.000   1.231   0.000   0.227
   2.780    0.393    0.000   0.000   0.000   0.000   0.000   0.000   0.292   0.000   0.110
   2.800    1.259    0.000   0.000   0.000   0.000   0.000   0.000   0.334   0.000   0.678
   2.820   29.943    0.000   0.000   0.000   0.000   0.000   0.000  14.377   0.000  15.166
   2.840   10.597    0.000   0.000   0.000   0.000   0.000   0.000   5.111   0.000   5.933
   2.860    1.186    0.000   0.000   0.000   0.000   0.000   0.000   0.290   0.000   0.644
   2.880    0.312    0.000   0.000   0.000   0.000   0.000   0.000   0.272   0.000   0.078
   2.900    1.076    0.000   0.000   0.000   0.000   0.000   0.000   1.076   0.000   0.200
   2.920    0.009    0.000   0.000   0.000   0.000   0.000   0.000   0.019   0.000   0.000
   2.940    0.000    0.000   0.000   0.000   0.000   0.000   0.000   0.001   0.000   0.000
   2.960    0.000    0.000   0.000   0.000   0.000   0.000   0.000   0.000   0.000   0.000
   2.980    0.000    0.000   0.000   0.000   0.000   0.000   0.000   0.000   0.000   0.000
   3.000    0.000    0.000   0.000   0.000   0.000   0.000   0.000   0.000   0.000   0.000
   3.020    0.000    0.000   0.000   0.000   0.000   0.000   0.000   0.000   0.000   0.000
   3.040    0.000    0.000   0.000   0.000   0.000   0.000   0.000   0.000   0.000   0.000
   3.060    0.000    0.000   0.000   0.000   0.000   0.000   0.000   0.000   0.000   0.000
   3.080    0.000    0.000   0.000   0.000   0.000   0.000   0.000   0.000   0.000   0.000
   3.100    0.000    0.000   0.000   0.000   0.000   0.000   0.000   0.000   0.000   0.000
   3.120    0.000    0.000   0.000   0.000   0.000   0.000   0.000   0.000   0.000   0.000
   3.140    0.000    0.000   0.000   0.000   0.000   0.000   0.000   0.000   0.000   0.000
   3.160    0.000    0.000   0.000   0.000   0.000   0.000   0.000   0.000   0.000   0.000
   3.180    0.000    0.000   0.000   0.000   0.000   0.000   0.000   0.000   0.000   0.000
   3.200    0.000    0.000   0.000   0.000   0.000   0.000   0.000   0.000   0.000   0.000
   3.220    0.000    0.000   0.000   0.000   0.000   0.000   0.000   0.000   0.000   0.000
   3.240    0.000    0.000   0.000   0.000   0.000   0.000   0.000   0.000   0.000   0.000
   3.260    0.000    0.000   0.000   0.000   0.000   0.000   0.000   0.000   0.000   0.000
   3.280    0.000    0.000   0.000   0.000   0.000   0.000   0.000   0.000   0.000   0.000
   3.300    0.000    0.000   0.000   0.000   0.000   0.000   0.000   0.000   0.000   0.000
   3.320    0.000    0.000   0.000   0.000   0.000   0.000   0.000   0.000   0.000   0.000
   3.340    0.000    0.000   0.000   0.000   0.000   0.000   0.000   0.000   0.000   0.000
   3.360    0.004    0.000   0.000   0.000   0.000   0.000   0.004   0.000   0.000   0.000
   3.380    0.150    0.000   0.000   0.000   0.000   0.000   0.150   0.000   0.000   0.000
   3.400    0.544    0.000   0.000   0.000   0.000   0.000   0.544   0.000   0.000   0.000
   3.420    0.318    0.000   0.000   0.000   0.000   0.000   0.318   0.000   0.000   0.000
   3.440    0.717    0.000   0.000   0.000   0.000   0.000   0.717   0.000   0.000   0.000
   3.460    7.975    0.000   0.000   0.000   0.000   0.000   7.975   0.000   0.000   0.000
   3.480    0.843    0.000   0.000   0.000   0.000   0.000   0.843   0.000   0.000   0.000
   3.500    0.528    0.000   0.000   0.000   0.000   0.000   0.528   0.000   0.000   0.000
   3.520    0.621    0.000   0.000   0.000   0.000   0.000   0.621   0.000   0.000   0.000
   3.540    0.092    0.000   0.000   0.000   0.000   0.000   0.092   0.000   0.000   0.000
   3.560    0.100    0.000   0.000   0.000   0.000   0.000   0.100   0.000   0.000   0.000
   3.580    0.001    0.000   0.000   0.000   0.000   0.000   0.001   0.000   0.000   0.000
   3.600    0.000    0.000   0.000   0.000   0.000   0.000   0.000   0.000   0.000   0.000
   3.620    0.000    0.000   0.000   0.000   0.000   0.000   0.000   0.000   0.000   0.000
   3.640    0.000    0.000   0.000   0.000   0.000   0.000   0.000   0.000   0.000   0.000
   3.660    0.000    0.000   0.000   0.000   0.000   0.000   0.000   0.000   0.000   0.000
   3.680    0.000    0.000   0.000   0.000   0.000   0.000   0.000   0.000   0.000   0.000
   3.700    0.000    0.000   0.000   0.000   0.000   0.000   0.000   0.000   0.000   0.000
   3.720    0.000    0.000   0.000   0.000   0.000   0.000   0.000   0.000   0.000   0.000
   3.740    0.000    0.000   0.000   0.000   0.000   0.000   0.000   0.000   0.000   0.000
   3.760    0.000    0.000   0.000   0.000   0.000   0.000   0.000   0.000   0.000   0.000
   3.780    0.000    0.000   0.000   0.000   0.000   0.000   0.000   0.000   0.000   0.000
   3.800    0.000    0.000   0.000   0.000   0.000   0.000   0.000   0.000   0.000   0.000
   3.820    0.000    0.000   0.000   0.000   0.000   0.000   0.000   0.000   0.000   0.000
   3.840    0.000    0.000   0.000   0.000   0.000   0.000   0.000   0.000   0.000   0.000
   3.860    0.000    0.000   0.000   0.000   0.000   0.000   0.000   0.000   0.000   0.000
   3.880    0.000    0.000   0.000   0.000   0.000   0.000   0.000   0.000   0.000   0.000
   3.900    0.000    0.000   0.000   0.000   0.000   0.000   0.000   0.000   0.000   0.000
   3.920    0.003    0.003   0.000   0.000   0.000   0.000   0.000   0.000   0.000   0.000
   3.940    0.013    0.006   0.000   0.003   0.002   0.001   0.000   0.000   0.000   0.000
   3.960    0.042    0.009   0.006   0.011   0.009   0.007   0.000   0.000   0.000   0.000
   3.980    0.994    0.216   0.192   0.198   0.191   0.196   0.000   0.000   0.000   0.000
   4.000   16.908    3.315   3.415   3.375   3.402   3.400   0.000   0.000   0.000   0.000
   4.020    1.133    0.263   0.210   0.229   0.216   0.216   0.000   0.000   0.000   0.000
   4.040    0.044    0.010   0.006   0.011   0.008   0.009   0.000   0.000   0.000   0.000
   4.060    0.015    0.006   0.001   0.003   0.003   0.002   0.000   0.000   0.000   0.000
   4.080    0.003    0.003   0.000   0.000   0.000   0.000   0.000   0.000   0.000   0.000
   4.100    0.000    0.000   0.000   0.000   0.000   0.000   0.000   0.000   0.000   0.000
   4.120    0.000    0.000   0.000   0.000   0.000   0.000   0.000   0.000   0.000   0.000
   4.140    0.000    0.000   0.000   0.000   0.000   0.000   0.000   0.000   0.000   0.000
   4.160    0.000    0.000   0.000   0.000   0.000   0.000   0.000   0.000   0.000   0.000
   4.180    0.000    0.000   0.000   0.000   0.000   0.000   0.000   0.000   0.000   0.000
   4.200    0.000    0.000   0.000   0.000   0.000   0.000   0.000   0.000   0.000   0.000
   4.220    0.000    0.000   0.000   0.000   0.000   0.000   0.000   0.000   0.000   0.000
   4.240    0.000    0.000   0.000   0.000   0.000   0.000   0.000   0.000   0.000   0.000
   4.260    0.000    0.000   0.000   0.000   0.000   0.000   0.000   0.000   0.000   0.000
   4.280    0.000    0.000   0.000   0.000   0.000   0.000   0.000   0.000   0.000   0.000
   4.300    0.000    0.000   0.000   0.000   0.000   0.000   0.000   0.000   0.000   0.000
   4.320    0.000    0.000   0.000   0.000   0.000   0.000   0.000   0.000   0.000   0.000
   4.340    0.000    0.000   0.000   0.000   0.000   0.000   0.000   0.000   0.000   0.000
   4.360    0.000    0.000   0.000   0.000   0.000   0.000   0.000   0.000   0.000   0.000
   4.380    0.201    0.000   0.000   0.000   0.000   0.000   0.000   0.000   0.291   0.000
   4.400    0.067    0.000   0.000   0.000   0.000   0.000   0.000   0.000   0.093   0.000
   4.420    0.774    0.000   0.000   0.000   0.000   0.000   0.000   0.000   0.555   0.000
   4.440    0.947    0.000   0.000   0.000   0.000   0.000   0.000   0.000   0.469   0.000
   4.460    5.344    0.000   0.000   0.000   0.000   0.000   0.000   0.000   5.248   0.000
   4.480   14.813    0.000   0.000   0.000   0.000   0.000   0.000   0.000  16.195   0.000
   4.500    1.098    0.000   0.000   0.000   0.000   0.000   0.000   0.000   0.565   0.000
   4.520    0.941    0.000   0.000   0.000   0.000   0.000   0.000   0.000   0.633   0.000
   4.540    0.071    0.000   0.000   0.000   0.000   0.000   0.000   0.000   0.087   0.000
   4.560    0.200    0.000   0.000   0.000   0.000   0.000   0.000   0.000   0.295   0.000
   4.580    0.003    0.000   0.000   0.000   0.000   0.000   0.000   0.000   0.002   0.000
   4.600    0.000    0.000   0.000   0.000   0.000   0.000   0.000   0.000   0.000   0.000
   4.620    0.000    0.000   0.000   0.000   0.000   0.000   0.000   0.000   0.000   0.000
   4.640    0.000    0.000   0.000   0.000   0.000   0.000   0.000   0.000   0.000   0.000
   4.660    0.000    0.000   0.000   0.000   0.000   0.000   0.000   0.000   0.000   0.000
   4.680    0.000    0.000   0.000   0.000   0.000   0.000   0.000   0.000   0.000   0.000
   4.700    0.000    0.000   0.000   0.000   0.000   0.000   0.000   0.000   0.000   0.000
   4.720    0.000    0.000   0.000   0.000   0.000   0.000   0.000   0.000   0.000   0.000
   4.740    0.000    0.000   0.000   0.000   0.000   0.000   0.000   0.000   0.000   0.000
   4.760    0.004    0.000   0.000   0.000   0.000   0.000   0.000   0.000   0.000   0.000
   4.780    0.082    0.000   0.000   0.000   0.000   0.000   0.000   0.002   0.000   0.000
   4.800    0.112    0.000   0.000   0.000   0.000   0.000   0.000   0.042   0.000   0.059
   4.820    1.353    0.000   0.000   0.000   0.000   0.000   0.000   0.688   0.000   0.952
   4.840    0.674    0.000   0.000   0.000   0.000   0.000   0.000   0.282   0.000   0.367
   4.860    2.445    0.000   0.000   0.000   0.000   0.000   0.000   1.219   0.000   0.890
   4.880    3.101    0.000   0.000   0.000   0.000   0.000   0.000   1.284   0.000   1.554
   4.900   26.058    0.000   0.000   0.000   0.000   0.000   0.000  13.719   0.000  13.155
   4.920    2.513    0.000   0.000   0.000   0.000   0.000   0.000   0.996   0.000   1.277
   4.940    2.303    0.000   0.000   0.000   0.000   0.000   0.000   1.117   0.000   0.834
   4.960    0.609    0.000   0.000   0.000   0.000   0.000   0.000   0.238   0.000   0.341
   4.980    1.257    0.000   0.000   0.000   0.000   0.000   0.000   0.641   0.000   0.890
   5.000    0.127    0.000   0.000   0.000   0.000   0.000   0.000   0.094   0.000   0.044
   5.020    0.077    0.000   0.000   0.000   0.000   0.000   0.000   0.005   0.000   0.000
   5.040    0.003    0.000   0.000   0.000   0.000   0.000   0.000   0.000   0.000   0.000
   5.060    0.000    0.000   0.000   0.000   0.000   0.000   0.000   0.000   0.000   0.000
   5.080    0.000    0.000   0.000   0.000   0.000   0.000   0.000   0.000   0.000   0.000
   5.100    0.000    0.000   0.000   0.000   0.000   0.000   0.000   0.000   0.000   0.000
   5.120    0.000    0.000   0.000   0.000   0.000   0.000   0.000   0.000   0.000   0.000
   5.140    0.000    0.000   0.000   0.000   0.000   0.000   0.000   0.000   0.000   0.000
   5.160    0.000    0.000   0.000   0.000   0.000   0.000   0.000   0.000   0.000   0.000
   5.180    0.000    0.000   0.000   0.000   0.000   0.000   0.000   0.000   0.000   0.000
   5.200    0.000    0.000   0.000   0.000   0.000   0.000   0.000   0.000   0.000   0.000
   5.220    0.000    0.000   0.000   0.000   0.000   0.000   0.000   0.000   0.000   0.000
   5.240    0.000    0.000   0.000   0.000   0.000   0.000   0.000   0.000   0.000   0.000
   5.260    0.000    0.000   0.000   0.000   0.000   0.000   0.000   0.000   0.000   0.000
   5.280    0.000    0.000   0.000   0.000   0.000   0.000   0.000   0.000   0.000   0.000
   5.300    0.000    0.000   0.000   0.000   0.000   0.000   0.000   0.000   0.000   0.000
   5.320    0.000    0.000   0.000   0.000   0.000   0.000   0.000   0.000   0.000   0.000
   5.340    0.000    0.000   0.000   0.000   0.000   0.000   0.000   0.000   0.000   0.000
   5.360    0.000    0.000   0.000   0.000   0.000   0.000   0.000   0.000   0.000   0.000
   5.380    0.000    0.000   0.000   0.000   0.000   0.000   0.000   0.000   0.000   0.000
   5.400    0.000    0.000   0.000   0.000   0.000   0.000   0.000   0.000   0.000   0.000
   5.420    0.000    0.000   0.000   0.000   0.000   0.000   0.000   0.000   0.000   0.000
   5.440    0.000    0.000   0.000   0.000   0.000   0.000   0.000   0.000   0.000   0.000
   5.460    0.000    0.000   0.000   0.000   0.000   0.000   0.000   0.000   0.000   0.000
   5.480    0.001    0.001   0.000   0.000   0.000   0.000   0.000   0.000   0.000   0.000
   5.500    0.015    0.009   0.000   0.001   0.002   0.002   0.000   0.000   0.000   0.000
   5.520    0.169    0.111   0.000   0.028   0.019   0.010   0.000   0.000   0.000   0.000
   5.540    0.038    0.024   0.000   0.007   0.005   0.002   0.000   0.000   0.000   0.000
   5.560    0.037    0.015   0.003   0.010   0.005   0.004   0.000   0.000   0.000   0.000
   5.580    0.598    0.017   0.135   0.156   0.144   0.146   0.000   0.000   0.000   0.000
   5.600    0.311    0.020   0.072   0.075   0.071   0.074   0.000   0.000   0.000   0.000
   5.620    0.612    0.041   0.221   0.063   0.127   0.159   0.000   0.000   0.000   0.000
   5.640    1.792    0.376   0.359   0.345   0.355   0.357   0.000   0.000   0.000   0.000
   5.660   13.070    2.840   2.450   2.672   2.578   2.531   0.000   0.000   0.000   0.000
   5.680    0.918    0.158   0.220   0.157   0.190   0.193   0.000   0.000   0.000   0.000
   5.700    0.494    0.028   0.178   0.054   0.105   0.130   0.000   0.000   0.000   0.000
   5.720    0.489    0.019   0.109   0.127   0.118   0.117   0.000   0.000   0.000   0.000
   5.740    0.321    0.013   0.073   0.082   0.075   0.078   0.000   0.000   0.000   0.000
   5.760    0.032    0.016   0.001   0.008   0.004   0.003   0.000   0.000   0.000   0.000
   5.780    0.038    0.024   0.000   0.007   0.004   0.003   0.000   0.000   0.000   0.000
   5.800    0.156    0.102   0.000   0.026   0.017   0.010   0.000   0.000   0.000   0.000
   5.820    0.004    0.003   0.000   0.000   0.001   0.001   0.000   0.000   0.000   0.000
   5.840    0.001    0.001   0.000   0.000   0.000   0.000   0.000   0.000   0.000   0.000
   5.860    0.000    0.000   0.000   0.000   0.000   0.000   0.000   0.000   0.000   0.000
   5.880    0.005    0.000   0.000   0.000   0.000   0.000   0.000   0.000   0.011   0.000
   5.900    0.106    0.000   0.000   0.000   0.000   0.000   0.000   0.000   0.165   0.000
   5.920    0.248    0.000   0.000   0.000   0.000   0.000   0.000   0.000   0.379   0.000
   5.940    0.715    0.000   0.000   0.000   0.000   0.000   0.000   0.000   0.956   0.000
   5.960    0.861    0.000   0.000   0.000   0.000   0.000   0.000   0.000   0.682   0.000
   5.980    1.441    0.000   0.000   0.000   0.000   0.000   0.000   0.000   1.161   0.000
   6.000   10.235    0.000   0.000   0.000   0.000   0.000   0.000   0.000  10.323   0.000
   6.020    1.444    0.000   0.000   0.000   0.000   0.000   0.000   0.000   1.188   0.000
   6.040    0.826    0.000   0.000   0.000   0.000   0.000   0.000   0.000   0.663   0.000
   6.060    0.661    0.000   0.000   0.000   0.000   0.000   0.000   0.000   0.829   0.000
   6.080    0.298    0.000   0.000   0.000   0.000   0.000   0.000   0.000   0.448   0.000
   6.100    0.102    0.000   0.000   0.000   0.000   0.000   0.000   0.000   0.159   0.000
   6.120    0.007    0.000   0.000   0.000   0.000   0.000   0.000   0.000   0.015   0.000
   6.140    0.000    0.000   0.000   0.000   0.000   0.000   0.000   0.000   0.001   0.000
   6.160    0.000    0.000   0.000   0.000   0.000   0.000   0.000   0.000   0.000   0.000
   6.180    0.000    0.000   0.000   0.000   0.000   0.000   0.000   0.000   0.000   0.000
   6.200    0.009    0.000   0.000   0.000   0.000   0.000   0.000   0.012   0.000   0.001
   6.220    0.209    0.000   0.000   0.000   0.000   0.000   0.000   0.212   0.000   0.037
   6.240    0.159    0.000   0.000   0.000   0.000   0.000   0.000   0.170   0.000   0.026
   6.260    0.369    0.000   0.000   0.000   0.000   0.000   0.000   0.343   0.000   0.080
   6.280    0.615    0.000   0.000   0.000   0.000   0.000   0.000   0.287   0.000   0.270
   6.300    1.649    0.000   0.000   0.000   0.000   0.000   0.000   0.907   0.000   0.761
   6.320   15.881    0.000   0.000   0.000   0.000   0.000   0.000   7.447   0.000   8.346
   6.340    3.667    0.000   0.000   0.000   0.000   0.000   0.000   1.592   0.000   2.058
   6.360    0.891    0.000   0.000   0.000   0.000   0.000   0.000   0.489   0.000   0.370
   6.380    0.436    0.000   0.000   0.000   0.000   0.000   0.000   0.224   0.000   0.174
   6.400    0.284    0.000   0.000   0.000   0.000   0.000   0.000   0.275   0.000   0.054
   6.420    0.287    0.000   0.000   0.000   0.000   0.000   0.000   0.290   0.000   0.051
   6.440    0.015    0.000   0.000   0.000   0.000   0.000   0.000   0.018   0.000   0.002
   6.460    0.002    0.000   0.000   0.000   0.000   0.000   0.000   0.004   0.000   0.000
   6.480    0.002    0.000   0.000   0.000   0.000   0.000   0.002   0.000   0.000   0.000
   6.500    0.043    0.000   0.000   0.000   0.000   0.000   0.043   0.000   0.000   0.000
   6.520    0.020    0.000   0.000   0.000   0.000   0.000   0.020   0.000   0.000   0.000
   6.540    0.189    0.000   0.000   0.000   0.000   0.000   0.189   0.000   0.000   0.000
   6.560    0.138    0.000   0.000   0.000   0.000   0.000   0.138   0.000   0.000   0.000
   6.580    0.485    0.000   0.000   0.000   0.000   0.000   0.485   0.000   0.000   0.000
   6.600    0.697    0.000   0.000   0.000   0.000   0.000   0.697   0.000   0.000   0.000
   6.620    2.093    0.000   0.000   0.000   0.000   0.000   2.093   0.000   0.000   0.000
   6.640    5.574    0.000   0.000   0.000   0.000   0.000   5.574   0.000   0.000   0.000
   6.660    0.835    0.000   0.000   0.000   0.000   0.000   0.835   0.000   0.000   0.000
   6.680    0.457    0.000   0.000   0.000   0.000   0.000   0.457   0.000   0.000   0.000
   6.700    0.303    0.000   0.000   0.000   0.000   0.000   0.303   0.000   0.000   0.000
   6.720    0.195    0.000   0.000   0.000   0.000   0.000   0.195   0.000   0.000   0.000
   6.740    0.032    0.000   0.000   0.000   0.000   0.000   0.031   0.000   0.000   0.000
   6.760    0.026    0.001   0.000   0.000   0.000   0.000   0.025   0.000   0.000   0.000
   6.780    0.026    0.003   0.000   0.001   0.000   0.000   0.022   0.000   0.000   0.000
   6.800    0.066    0.035   0.000   0.015   0.009   0.006   0.000   0.000   0.000   0.000
   6.820    0.177    0.091   0.002   0.038   0.027   0.018   0.000   0.000   0.000   0.000
   6.840    0.133    0.024   0.038   0.016   0.025   0.029   0.000   0.000   0.000   0.000
   6.860    0.364    0.017   0.088   0.086   0.084   0.088   0.000   0.000   0.000   0.000
   6.880    0.395    0.019   0.095   0.097   0.090   0.094   0.000   0.000   0.000   0.000
   6.900    0.448    0.045   0.143   0.058   0.093   0.109   0.000   0.000   0.000   0.000
   6.920    3.512    0.805   0.637   0.714   0.689   0.667   0.000   0.000   0.000   0.000
   6.940    1.900    0.441   0.348   0.381   0.369   0.362   0.000   0.000   0.000   0.000
   6.960    0.395    0.033   0.131   0.050   0.083   0.099   0.000   0.000   0.000   0.000
   6.980    0.473    0.017   0.114   0.117   0.111   0.114   0.000   0.000   0.000   0.000
   7.000    0.233    0.015   0.056   0.054   0.053   0.055   0.000   0.000   0.000   0.000
   7.020    0.117    0.021   0.034   0.013   0.021   0.027   0.000   0.000   0.000   0.000
   7.040    0.156    0.081   0.002   0.034   0.024   0.015   0.000   0.000   0.000   0.000
   7.060    0.068    0.036   0.000   0.014   0.010   0.007   0.000   0.000   0.000   0.000
   7.080    0.009    0.003   0.000   0.001   0.000   0.000   0.000   0.000   0.002   0.000
   7.100    0.075    0.001   0.000   0.000   0.000   0.000   0.000   0.000   0.102   0.000
   7.120    0.200    0.000   0.000   0.000   0.000   0.000   0.000   0.000   0.071   0.000
   7.140    0.153    0.000   0.000   0.000   0.000   0.000   0.000   0.000   0.092   0.000
   7.160    0.382    0.000   0.000   0.000   0.000   0.000   0.000   0.000   0.318   0.000
   7.180    0.464    0.000   0.000   0.000   0.000   0.000   0.000   0.000   0.389   0.000
   7.200    2.632    0.000   0.000   0.000   0.000   0.000   0.000   0.000   2.865   0.000
   7.220    4.155    0.000   0.000   0.000   0.000   0.000   0.000   0.000   4.510   0.000
   7.240    0.479    0.000   0.000   0.000   0.000   0.000   0.000   0.000   0.436   0.000
   7.260    0.383    0.000   0.000   0.000   0.000   0.000   0.000   0.000   0.276   0.000
   7.280    0.169    0.000   0.000   0.000   0.000   0.000   0.000   0.000   0.141   0.000
   7.300    0.213    0.000   0.000   0.000   0.000   0.000   0.000   0.003   0.072   0.000
   7.320    0.245    0.000   0.000   0.000   0.000   0.000   0.000   0.258   0.095   0.000
   7.340    0.079    0.000   0.000   0.000   0.000   0.000   0.000   0.083   0.017   0.006
   7.360    0.155    0.000   0.000   0.000   0.000   0.000   0.000   0.050   0.000   0.085
   7.380    0.465    0.000   0.000   0.000   0.000   0.000   0.000   0.066   0.000   0.380
   7.400    0.933    0.000   0.000   0.000   0.000   0.000   0.000   0.440   0.000   0.354
   7.420    1.119    0.000   0.000   0.000   0.000   0.000   0.000   0.430   0.000   0.774
   7.440    1.581    0.000   0.000   0.000   0.000   0.000   0.000   0.637   0.000   0.899
   7.460    2.726    0.000   0.000   0.000   0.000   0.000   0.000   1.306   0.000   1.219
   7.480   18.340    0.000   0.000   0.000   0.000   0.000   0.000   9.799   0.000   8.964
   7.500    4.138    0.000   0.000   0.000   0.000   0.000   0.000   2.085   0.000   1.976
   7.520    1.661    0.000   0.000   0.000   0.000   0.000   0.000   0.653   0.000   0.808
   7.540    1.536    0.000   0.000   0.000   0.000   0.000   0.000   0.637   0.000   1.045
   7.560    0.961    0.000   0.000   0.000   0.000   0.000   0.000   0.479   0.000   0.369
   7.580    0.356    0.000   0.000   0.000   0.000   0.000   0.000   0.121   0.000   0.207
   7.600    0.388    0.000   0.000   0.000   0.000   0.000   0.000   0.046   0.000   0.314
   7.620    0.062    0.000   0.000   0.000   0.000   0.000   0.000   0.058   0.000   0.017
   7.640    0.147    0.000   0.000   0.000   0.000   0.000   0.000   0.212   0.000   0.001
   7.660    0.046    0.000   0.000   0.000   0.000   0.000   0.000   0.058   0.000   0.000
   7.680    0.001    0.000   0.000   0.000   0.000   0.000   0.000   0.000   0.000   0.000
   7.700    0.000    0.000   0.000   0.000   0.000   0.000   0.000   0.000   0.000   0.000
   7.720    0.000    0.000   0.000   0.000   0.000   0.000   0.000   0.000   0.000   0.000
   7.740    0.000    0.000   0.000   0.000   0.000   0.000   0.000   0.000   0.000   0.000
   7.760    0.000    0.000   0.000   0.000   0.000   0.000   0.000   0.000   0.000   0.000
   7.780    0.000    0.000   0.000   0.000   0.000   0.000   0.000   0.000   0.000   0.000
   7.800    0.000    0.000   0.000   0.000   0.000   0.000   0.000   0.000   0.000   0.000
   7.820    0.000    0.000   0.000   0.000   0.000   0.000   0.000   0.000   0.000   0.000
   7.840    0.000    0.000   0.000   0.000   0.000   0.000   0.000   0.000   0.000   0.000
   7.860    0.001    0.001   0.000   0.000   0.000   0.000   0.000   0.000   0.000   0.000
   7.880    0.002    0.001   0.000   0.000   0.000   0.000   0.000   0.000   0.000   0.000
   7.900    0.003    0.001   0.000   0.001   0.001   0.000   0.000   0.000   0.000   0.000
   7.920    0.003    0.001   0.001   0.001   0.001   0.001   0.000   0.000   0.000   0.000
   7.940    0.012    0.002   0.002   0.003   0.003   0.002   0.000   0.000   0.000   0.000
   7.960    0.084    0.021   0.015   0.016   0.016   0.017   0.000   0.000   0.000   0.000
   7.980    0.493    0.098   0.099   0.100   0.097   0.099   0.000   0.000   0.000   0.000
   8.000    3.549    0.698   0.716   0.707   0.716   0.711   0.000   0.000   0.000   0.000
   8.020    0.522    0.106   0.104   0.105   0.102   0.105   0.000   0.000   0.000   0.000
   8.040    0.093    0.022   0.017   0.018   0.018   0.018   0.000   0.000   0.000   0.000
   8.060    0.013    0.002   0.002   0.003   0.003   0.003   0.000   0.000   0.000   0.000
   8.080    0.003    0.001   0.001   0.000   0.001   0.001   0.000   0.000   0.000   0.000
   8.100    0.004    0.001   0.000   0.001   0.001   0.000   0.000   0.000   0.001   0.000
   8.120    0.020    0.001   0.000   0.000   0.000   0.000   0.000   0.000   0.011   0.000
   8.140    0.182    0.001   0.000   0.000   0.000   0.000   0.000   0.000   0.190   0.000
   8.160    0.216    0.000   0.000   0.000   0.000   0.000   0.000   0.000   0.197   0.000
   8.180    0.345    0.000   0.000   0.000   0.000   0.000   0.000   0.000   0.260   0.000
   8.200    0.787    0.000   0.000   0.000   0.000   0.000   0.000   0.000   0.838   0.000
   8.220    1.107    0.000   0.000   0.000   0.000   0.000   0.000   0.000   0.997   0.000
   8.240    6.972    0.000   0.000   0.000   0.000   0.000   0.000   0.000   7.340   0.000
   8.260    2.601    0.000   0.000   0.000   0.000   0.000   0.000   0.000   2.512   0.000
   8.280    0.861    0.000   0.000   0.000   0.000   0.000   0.000   0.000   0.737   0.000
   8.300    0.640    0.000   0.000   0.000   0.000   0.000   0.000   0.002   0.730   0.000
   8.320    0.322    0.000   0.000   0.000   0.000   0.000   0.000   0.009   0.202   0.000
   8.340    0.362    0.000   0.000   0.000   0.000   0.000   0.000   0.122   0.255   0.029
   8.360    0.164    0.000   0.000   0.000   0.000   0.000   0.000   0.049   0.071   0.020
   8.380    0.225    0.000   0.000   0.000   0.000   0.000   0.000   0.031   0.005   0.197
   8.400    0.273    0.000   0.000   0.000   0.000   0.000   0.000   0.089   0.000   0.193
   8.420    0.401    0.000   0.000   0.000   0.000   0.000   0.000   0.221   0.000   0.164
   8.440    0.904    0.000   0.000   0.000   0.000   0.000   0.000   0.596   0.000   0.306
   8.460    1.686    0.000   0.000   0.000   0.000   0.000   0.000   0.832   0.000   0.768
   8.480   10.510    0.000   0.000   0.000   0.000   0.000   0.000   5.003   0.000   5.647
   8.500    3.397    0.000   0.000   0.000   0.000   0.000   0.000   1.734   0.000   1.635
   8.520    1.112    0.000   0.000   0.000   0.000   0.000   0.000   0.548   0.000   0.493
   8.540    0.700    0.000   0.000   0.000   0.000   0.000   0.001   0.512   0.000   0.215
   8.560    0.368    0.000   0.000   0.000   0.000   0.000   0.012   0.201   0.000   0.153
   8.580    0.443    0.000   0.000   0.000   0.000   0.000   0.129   0.043   0.000   0.293
   8.600    0.133    0.000   0.000   0.000   0.000   0.000   0.063   0.031   0.000   0.035
   8.620    0.191    0.000   0.000   0.000   0.000   0.000   0.088   0.077   0.000   0.022
   8.640    0.277    0.000   0.000   0.000   0.000   0.000   0.189   0.079   0.000   0.016
   8.660    0.190    0.000   0.000   0.000   0.000   0.000   0.188   0.003   0.000   0.000
   8.680    0.376    0.000   0.000   0.000   0.000   0.000   0.376   0.001   0.000   0.000
   8.700    0.742    0.000   0.000   0.000   0.000   0.000   0.742   0.000   0.000   0.000
   8.720    3.141    0.000   0.000   0.000   0.000   0.000   3.141   0.000   0.000   0.000
   8.740    0.541    0.001   0.000   0.000   0.000   0.000   0.540   0.000   0.000   0.000
   8.760    0.381    0.036   0.000   0.009   0.006   0.004   0.326   0.000   0.000   0.000
   8.780    0.242    0.015   0.000   0.004   0.002   0.002   0.220   0.000   0.000   0.000
   8.800    0.147    0.007   0.000   0.002   0.002   0.001   0.134   0.000   0.000   0.000
   8.820    0.109    0.008   0.002   0.005   0.004   0.003   0.086   0.000   0.000   0.000
   8.840    0.184    0.030   0.021   0.032   0.025   0.024   0.053   0.000   0.000   0.000
   8.860    0.571    0.080   0.080   0.104   0.095   0.090   0.121   0.000   0.000   0.000
   8.880    0.250    0.030   0.060   0.047   0.051   0.055   0.007   0.000   0.000   0.000
   8.900    0.617    0.049   0.173   0.109   0.135   0.150   0.001   0.000   0.000   0.000
   8.920    1.099    0.201   0.245   0.204   0.219   0.231   0.000   0.000   0.000   0.000
   8.940    8.408    1.802   1.599   1.703   1.669   1.634   0.000   0.000   0.000   0.000
   8.960    2.344    0.490   0.464   0.466   0.460   0.464   0.000   0.000   0.000   0.000
   8.980    0.662    0.087   0.169   0.117   0.141   0.148   0.000   0.000   0.000   0.000
   9.000    0.399    0.029   0.109   0.076   0.088   0.097   0.000   0.000   0.001   0.000
   9.020    0.241    0.035   0.050   0.046   0.046   0.048   0.000   0.000   0.026   0.000
   9.040    0.461    0.080   0.071   0.100   0.087   0.083   0.000   0.000   0.062   0.000
   9.060    0.114    0.013   0.005   0.008   0.006   0.007   0.000   0.000   0.136   0.000
   9.080    0.435    0.007   0.001   0.003   0.002   0.002   0.000   0.000   0.611   0.000
   9.100    0.264    0.008   0.000   0.002   0.001   0.001   0.000   0.000   0.345   0.000
   9.120    0.771    0.036   0.000   0.009   0.006   0.003   0.000   0.000   0.768   0.000
   9.140    1.123    0.006   0.000   0.001   0.001   0.001   0.000   0.000   0.864   0.000
   9.160    5.118    0.000   0.000   0.000   0.000   0.000   0.000   0.000   4.958   0.000
   9.180    1.913    0.000   0.000   0.000   0.000   0.000   0.000   0.000   1.611   0.000
   9.200    0.816    0.000   0.000   0.000   0.000   0.000   0.000   0.004   0.722   0.000
   9.220    0.497    0.000   0.000   0.000   0.000   0.000   0.000   0.013   0.555   0.001
   9.240    0.377    0.000   0.000   0.000   0.000   0.000   0.000   0.144   0.333   0.024
   9.260    0.591    0.000   0.000   0.000   0.000   0.000   0.000   0.224   0.523   0.048
   9.280    0.211    0.000   0.000   0.000   0.000   0.000   0.000   0.079   0.060   0.088
   9.300    0.395    0.000   0.000   0.000   0.000   0.000   0.000   0.111   0.057   0.240
   9.320    0.568    0.000   0.000   0.000   0.000   0.000   0.000   0.256   0.004   0.247
   9.340    0.543    0.000   0.000   0.000   0.000   0.000   0.000   0.143   0.000   0.401
   9.360    0.875    0.000   0.000   0.000   0.000   0.000   0.000   0.396   0.000   0.448
   9.380    5.168    0.000   0.000   0.000   0.000   0.000   0.000   2.752   0.000   2.506
   9.400    0.995    0.000   0.000   0.000   0.000   0.000   0.000   0.470   0.000   0.497
   9.420    0.538    0.000   0.000   0.000   0.000   0.000   0.000   0.140   0.000   0.388
   9.440    0.529    0.000   0.000   0.000   0.000   0.000   0.000   0.236   0.000   0.245
   9.460    0.344    0.000   0.000   0.000   0.000   0.000   0.000   0.128   0.000   0.190
   9.480    0.225    0.000   0.000   0.000   0.000   0.000   0.000   0.069   0.000   0.146
   9.500    0.157    0.000   0.000   0.000   0.000   0.000   0.000   0.141   0.000   0.037
   9.520    0.217    0.000   0.000   0.000   0.000   0.000   0.000   0.213   0.000   0.037
   9.540    0.013    0.000   0.000   0.000   0.000   0.000   0.000   0.016   0.000   0.002
   9.560    0.002    0.000   0.000   0.000   0.000   0.000   0.000   0.004   0.000   0.000
   9.580    0.000    0.000   0.000   0.000   0.000   0.000   0.000   0.001   0.000   0.000
   9.600    0.001    0.001   0.000   0.000   0.000   0.000   0.000   0.000   0.000   0.000
   9.620    0.035    0.020   0.000   0.008   0.005   0.003   0.000   0.000   0.000   0.000
   9.640    0.077    0.041   0.000   0.017   0.012   0.007   0.000   0.000   0.000   0.000
   9.660    0.036    0.013   0.006   0.006   0.006   0.006   0.000   0.000   0.000   0.000
   9.680    0.065    0.013   0.017   0.009   0.012   0.013   0.000   0.000   0.000   0.000
   9.700    0.203    0.048   0.033   0.044   0.040   0.038   0.000   0.000   0.000   0.000
   9.720    0.661    0.145   0.112   0.146   0.133   0.125   0.000   0.000   0.000   0.000
   9.740    0.432    0.053   0.109   0.082   0.091   0.097   0.000   0.000   0.000   0.000
   9.760    0.850    0.067   0.221   0.171   0.187   0.204   0.000   0.000   0.000   0.000
   9.780    1.426    0.282   0.308   0.266   0.278   0.292   0.000   0.000   0.000   0.000
   9.800    5.689    1.303   1.032   1.156   1.120   1.077   0.000   0.000   0.000   0.000
   9.820    1.080    0.190   0.252   0.193   0.215   0.227   0.000   0.000   0.002   0.000
   9.840    0.826    0.054   0.209   0.161   0.176   0.192   0.000   0.000   0.050   0.000
   9.860    0.391    0.050   0.094   0.070   0.077   0.084   0.000   0.000   0.015   0.000
   9.880    0.707    0.141   0.108   0.146   0.132   0.122   0.000   0.000   0.033   0.000
   9.900    0.220    0.044   0.024   0.035   0.030   0.030   0.000   0.000   0.028   0.000
   9.920    0.193    0.012   0.017   0.007   0.011   0.014   0.000   0.000   0.139   0.000
   9.940    0.198    0.012   0.003   0.006   0.005   0.004   0.000   0.000   0.072   0.000
   9.960    0.335    0.045   0.000   0.018   0.013   0.007   0.000   0.000   0.197   0.000
   9.980    0.630    0.010   0.000   0.003   0.002   0.001   0.000   0.000   0.616   0.000
  10.000    3.438    0.000   0.000   0.000   0.000   0.000   0.000   0.000   3.761   0.001
  10.020    0.648    0.000   0.000   0.000   0.000   0.000   0.000   0.000   0.651   0.013
  10.040    0.443    0.000   0.000   0.000   0.000   0.000   0.000   0.006   0.198   0.174
  10.060    0.282    0.000   0.000   0.000   0.000   0.000   0.000   0.042   0.070   0.065
  10.080    0.506    0.000   0.000   0.000   0.000   0.000   0.000   0.299   0.141   0.092
  10.100    0.407    0.000   0.000   0.000   0.000   0.000   0.000   0.214   0.028   0.150
  10.120    0.664    0.000   0.000   0.000   0.000   0.000   0.000   0.159   0.033   0.517
  10.140    0.844    0.000   0.000   0.000   0.000   0.000   0.000   0.427   0.016   0.354
  10.160    1.617    0.000   0.000   0.000   0.000   0.000   0.000   0.909   0.047   0.610
  10.180    3.604    0.000   0.000   0.000   0.000   0.000   0.000   1.771   0.003   1.725
  10.200   14.056    0.000   0.000   0.000   0.000   0.000   0.000   7.036   0.000   7.290
  10.220    2.759    0.000   0.000   0.000   0.000   0.000   0.002   1.324   0.000   1.317
  10.240    1.455    0.000   0.000   0.000   0.000   0.000   0.016   0.827   0.000   0.547
  10.260    0.789    0.000   0.000   0.000   0.000   0.000   0.030   0.404   0.000   0.333
  10.280    0.646    0.000   0.000   0.000   0.000   0.000   0.083   0.138   0.000   0.482
  10.300    0.423    0.000   0.000   0.000   0.000   0.000   0.118   0.204   0.000   0.116
  10.320    0.446    0.000   0.000   0.000   0.000   0.000   0.087   0.288   0.000   0.086
  10.340    0.356    0.000   0.000   0.000   0.000   0.000   0.250   0.033   0.000   0.066
  10.360    0.669    0.000   0.000   0.000   0.000   0.000   0.495   0.005   0.000   0.159
  10.380    1.337    0.000   0.000   0.000   0.000   0.000   1.327   0.000   0.000   0.007
  10.400    2.387    0.000   0.000   0.000   0.000   0.000   2.386   0.000   0.000   0.001
  10.420    0.520    0.000   0.000   0.000   0.000   0.000   0.520   0.000   0.000   0.000
  10.440    0.338    0.000   0.000   0.000   0.000   0.000   0.338   0.000   0.000   0.000
  10.460    0.121    0.000   0.000   0.000   0.000   0.000   0.121   0.000   0.000   0.000
  10.480    0.088    0.000   0.000   0.000   0.000   0.000   0.088   0.000   0.000   0.000
  10.500    0.087    0.000   0.000   0.000   0.000   0.000   0.087   0.000   0.000   0.000
  10.520    0.058    0.000   0.000   0.000   0.000   0.000   0.058   0.000   0.000   0.000
  10.540    0.020    0.000   0.000   0.000   0.000   0.000   0.020   0.000   0.000   0.000
  10.560    0.002    0.000   0.000   0.000   0.000   0.000   0.002   0.000   0.000   0.000
  10.580    0.001    0.000   0.000   0.000   0.000   0.000   0.000   0.000   0.000   0.000
  10.600    0.008    0.000   0.000   0.000   0.000   0.000   0.000   0.000   0.009   0.000
  10.620    0.070    0.000   0.000   0.000   0.000   0.000   0.000   0.000   0.099   0.000
  10.640    0.053    0.000   0.000   0.000   0.000   0.000   0.000   0.000   0.049   0.000
  10.660    0.145    0.000   0.000   0.000   0.000   0.000   0.000   0.000   0.090   0.000
  10.680    0.304    0.000   0.000   0.000   0.000   0.000   0.000   0.000   0.214   0.000
  10.700    0.557    0.000   0.000   0.000   0.000   0.000   0.000   0.000   0.620   0.000
  10.720    0.678    0.000   0.000   0.000   0.000   0.000   0.000   0.000   0.536   0.000
  10.740    0.966    0.000   0.000   0.000   0.000   0.000   0.000   0.000   0.972   0.000
  10.760    3.410    0.000   0.000   0.000   0.000   0.000   0.000   0.067   3.544   0.000
  10.780    3.768    0.000   0.000   0.000   0.000   0.000   0.000   0.072   3.916   0.000
  10.800    0.983    0.000   0.000   0.000   0.000   0.000   0.000   0.027   0.954   0.005
  10.820    0.718    0.000   0.000   0.000   0.000   0.000   0.000   0.021   0.558   0.017
  10.840    0.575    0.000   0.000   0.000   0.000   0.000   0.000   0.026   0.564   0.023
  10.860    0.730    0.000   0.000   0.000   0.000   0.000   0.000   0.196   0.286   0.159
  10.880    0.611    0.000   0.000   0.000   0.000   0.000   0.000   0.100   0.088   0.361
  10.900    0.611    0.000   0.000   0.000   0.000   0.000   0.000   0.197   0.046   0.308
  10.920    1.360    0.000   0.000   0.000   0.000   0.000   0.000   0.594   0.093   0.728
  10.940    2.810    0.000   0.000   0.000   0.000   0.000   0.000   1.381   0.014   1.382
  10.960    6.862    0.000   0.000   0.000   0.000   0.000   0.000   3.768   0.000   3.190
  10.980    1.479    0.000   0.000   0.000   0.000   0.000   0.000   0.694   0.000   0.742
  11.000    0.946    0.000   0.000   0.000   0.000   0.000   0.000   0.409   0.000   0.540
  11.020    0.421    0.000   0.000   0.000   0.000   0.000   0.000   0.121   0.000   0.264
  11.040    0.519    0.000   0.000   0.000   0.000   0.000   0.000   0.179   0.000   0.315
  11.060    0.149    0.000   0.000   0.000   0.000   0.000   0.000   0.075   0.000   0.070
  11.080    0.035    0.000   0.000   0.000   0.000   0.000   0.000   0.020   0.000   0.012
  11.100    0.038    0.000   0.000   0.000   0.000   0.000   0.000   0.022   0.000   0.012
  11.120    0.026    0.000   0.000   0.000   0.000   0.000   0.000   0.034   0.000   0.001
  11.140    0.079    0.002   0.000   0.001   0.001   0.001   0.000   0.108   0.000   0.000
  11.160    0.077    0.028   0.007   0.016   0.013   0.011   0.000   0.001   0.000   0.000
  11.180    0.086    0.031   0.010   0.018   0.015   0.013   0.000   0.000   0.000   0.000
  11.200    0.052    0.011   0.013   0.008   0.010   0.011   0.000   0.000   0.000   0.000
  11.220    0.055    0.008   0.013   0.011   0.011   0.012   0.000   0.000   0.000   0.000
  11.240    0.178    0.008   0.042   0.044   0.042   0.042   0.000   0.000   0.000   0.000
  11.260    0.110    0.012   0.027   0.022   0.024   0.025   0.000   0.000   0.000   0.000
  11.280    0.216    0.030   0.059   0.033   0.044   0.049   0.000   0.000   0.000   0.000
  11.300    0.911    0.195   0.175   0.184   0.179   0.177   0.000   0.000   0.001   0.000
  11.320    2.181    0.473   0.411   0.441   0.432   0.421   0.000   0.000   0.007   0.000
  11.340    0.353    0.053   0.068   0.053   0.059   0.063   0.000   0.000   0.079   0.000
  11.360    0.205    0.015   0.038   0.022   0.029   0.033   0.000   0.000   0.067   0.000
  11.380    0.240    0.009   0.040   0.041   0.039   0.040   0.000   0.000   0.081   0.000
  11.400    0.266    0.007   0.019   0.020   0.019   0.019   0.000   0.000   0.141   0.000
  11.420    0.417    0.008   0.015   0.007   0.010   0.012   0.000   0.000   0.473   0.000
  11.440    0.410    0.015   0.007   0.009   0.008   0.008   0.000   0.000   0.376   0.000
  11.460    0.766    0.045   0.012   0.026   0.021   0.018   0.000   0.003   0.623   0.000
  11.480    2.272    0.005   0.001   0.002   0.002   0.002   0.000   0.050   2.099   0.010
  11.500    1.835    0.001   0.000   0.000   0.000   0.000   0.000   0.040   1.705   0.019
  11.520    0.755    0.000   0.000   0.000   0.000   0.000   0.000   0.035   0.596   0.110
  11.540    0.520    0.000   0.000   0.000   0.000   0.000   0.000   0.119   0.345   0.075
  11.560    0.853    0.000   0.000   0.000   0.000   0.000   0.000   0.400   0.459   0.127
  11.580    0.580    0.000   0.000   0.000   0.000   0.000   0.000   0.211   0.141   0.192
  11.600    0.603    0.000   0.000   0.000   0.000   0.000   0.000   0.253   0.076   0.279
  11.620    0.690    0.000   0.000   0.000   0.000   0.000   0.000   0.297   0.063   0.286
  11.640    1.256    0.000   0.000   0.000   0.000   0.000   0.004   0.533   0.078   0.630
  11.660    6.541    0.000   0.000   0.000   0.000   0.000   0.065   3.096   0.006   3.436
  11.680    1.665    0.000   0.000   0.000   0.000   0.000   0.028   0.740   0.001   0.886
  11.700    0.671    0.000   0.000   0.000   0.000   0.000   0.055   0.275   0.000   0.298
  11.720    0.699    0.000   0.000   0.000   0.000   0.000   0.122   0.285   0.000   0.260
  11.740    0.597    0.000   0.000   0.000   0.000   0.000   0.206   0.171   0.000   0.229
  11.760    0.596    0.000   0.000   0.000   0.000   0.000   0.159   0.333   0.000   0.124
  11.780    0.573    0.000   0.000   0.000   0.000   0.000   0.282   0.226   0.000   0.086
  11.800    0.682    0.001   0.000   0.000   0.000   0.000   0.530   0.042   0.000   0.110
  11.820    1.580    0.002   0.000   0.001   0.000   0.000   1.519   0.031   0.000   0.029
  11.840    2.503    0.011   0.002   0.005   0.004   0.004   2.414   0.059   0.000   0.013
  11.860    0.818    0.083   0.024   0.050   0.041   0.034   0.584   0.005   0.000   0.000
  11.880    0.488    0.042   0.019   0.027   0.024   0.023   0.353   0.000   0.000   0.000
  11.900    0.286    0.023   0.035   0.021   0.025   0.029   0.153   0.000   0.000   0.000
  11.920    0.498    0.041   0.064   0.069   0.066   0.066   0.193   0.000   0.000   0.000
  11.940    0.660    0.069   0.109   0.111   0.107   0.110   0.155   0.000   0.000   0.000
  11.960    0.612    0.064   0.143   0.101   0.115   0.126   0.063   0.000   0.000   0.000
  11.980    1.109    0.210   0.230   0.208   0.214   0.221   0.026   0.000   0.000   0.000
  12.000    4.785    1.043   0.880   0.955   0.936   0.907   0.063   0.000   0.001   0.000
  12.020    1.088    0.209   0.228   0.205   0.214   0.218   0.012   0.000   0.003   0.000
  12.040    0.553    0.063   0.144   0.101   0.115   0.128   0.000   0.000   0.003   0.000
  12.060    0.482    0.059   0.100   0.100   0.099   0.101   0.000   0.000   0.034   0.000
  12.080    0.349    0.049   0.069   0.075   0.072   0.070   0.000   0.000   0.020   0.000
  12.100    0.157    0.021   0.033   0.020   0.024   0.028   0.000   0.000   0.030   0.000
  12.120    0.272    0.036   0.017   0.023   0.021   0.020   0.000   0.001   0.166   0.000
  12.140    0.590    0.084   0.025   0.050   0.042   0.035   0.000   0.015   0.285   0.002
  12.160    1.854    0.012   0.002   0.006   0.005   0.004   0.000   0.151   1.785   0.027
  12.180    0.759    0.002   0.000   0.001   0.000   0.000   0.000   0.073   0.580   0.020
  12.200    0.325    0.001   0.000   0.000   0.000   0.000   0.000   0.061   0.198   0.031
  12.220    0.408    0.000   0.000   0.000   0.000   0.000   0.000   0.194   0.117   0.138
  12.240    0.581    0.000   0.000   0.000   0.000   0.000   0.000   0.298   0.020   0.259
  12.260    0.665    0.000   0.000   0.000   0.000   0.000   0.000   0.194   0.040   0.418
  12.280    0.958    0.000   0.000   0.000   0.000   0.000   0.000   0.362   0.004   0.498
  12.300    1.611    0.000   0.000   0.000   0.000   0.000   0.000   0.792   0.003   0.847
  12.320    6.176    0.000   0.000   0.000   0.000   0.000   0.000   3.115   0.002   3.141
  12.340    4.567    0.000   0.000   0.000   0.000   0.000   0.000   2.403   0.000   2.171
  12.360    1.482    0.000   0.000   0.000   0.000   0.000   0.000   0.716   0.000   0.790
  12.380    0.893    0.000   0.000   0.000   0.000   0.000   0.000   0.357   0.000   0.452
  12.400    0.627    0.000   0.000   0.000   0.000   0.000   0.000   0.195   0.000   0.412
  12.420    0.548    0.000   0.000   0.000   0.000   0.000   0.000   0.270   0.000   0.279
  12.440    0.270    0.001   0.000   0.000   0.000   0.000   0.000   0.190   0.000   0.095
  12.460    0.117    0.020   0.000   0.005   0.003   0.002   0.000   0.057   0.000   0.028
  12.480    0.097    0.006   0.000   0.002   0.001   0.001   0.000   0.074   0.000   0.018
  12.500    0.147    0.004   0.001   0.002   0.001   0.001   0.000   0.138   0.000   0.025
  12.520    0.018    0.003   0.002   0.002   0.002   0.002   0.000   0.011   0.000   0.001
  12.540    0.045    0.005   0.009   0.011   0.010   0.010   0.000   0.001   0.000   0.000
  12.560    0.143    0.013   0.029   0.035   0.032   0.033   0.000   0.000   0.000   0.000
  12.580    0.209    0.049   0.037   0.043   0.041   0.039   0.000   0.000   0.000   0.000
  12.600    0.328    0.052   0.084   0.054   0.066   0.072   0.000   0.000   0.000   0.000
  12.620    0.588    0.098   0.126   0.117   0.121   0.124   0.000   0.000   0.001   0.000
  12.640    2.774    0.576   0.536   0.554   0.547   0.540   0.000   0.000   0.009   0.000
  12.660    2.257    0.463   0.428   0.439   0.436   0.433   0.000   0.000   0.065   0.000
  12.680    0.714    0.090   0.120   0.113   0.114   0.117   0.000   0.000   0.210   0.000
  12.700    0.495    0.047   0.078   0.049   0.060   0.068   0.000   0.000   0.236   0.000
  12.720    0.515    0.050   0.036   0.043   0.041   0.038   0.000   0.000   0.321   0.000
  12.740    0.629    0.014   0.031   0.037   0.034   0.034   0.000   0.000   0.576   0.000
  12.760    0.673    0.004   0.006   0.008   0.007   0.006   0.000   0.000   0.611   0.001
  12.780    1.110    0.002   0.001   0.002   0.001   0.002   0.000   0.005   0.945   0.005
  12.800    4.550    0.004   0.001   0.002   0.001   0.001   0.000   0.156   4.412   0.030
  12.820    2.286    0.005   0.000   0.002   0.001   0.001   0.000   0.077   2.002   0.074
  12.840    1.180    0.019   0.000   0.005   0.003   0.002   0.000   0.038   0.787   0.219
  12.860    0.713    0.000   0.000   0.000   0.000   0.000   0.000   0.042   0.571   0.095
  12.880    0.751    0.000   0.000   0.000   0.000   0.000   0.000   0.149   0.452   0.164
  12.900    0.711    0.000   0.000   0.000   0.000   0.000   0.000   0.113   0.351   0.327
  12.920    0.681    0.000   0.000   0.000   0.000   0.000   0.001   0.277   0.145   0.248
  12.940    1.412    0.000   0.000   0.000   0.000   0.000   0.008   0.688   0.189   0.541
  12.960    4.788    0.000   0.000   0.000   0.000   0.000   0.043   2.567   0.035   2.274
  12.980    1.455    0.000   0.000   0.000   0.000   0.000   0.023   0.748   0.005   0.645
  13.000    0.729    0.000   0.000   0.000   0.000   0.000   0.047   0.373   0.000   0.274
  13.020    0.546    0.000   0.000   0.000   0.000   0.000   0.141   0.119   0.000   0.313
  13.040    0.490    0.000   0.000   0.000   0.000   0.000   0.129   0.152   0.000   0.183
  13.060    0.292    0.001   0.000   0.000   0.000   0.000   0.128   0.046   0.000   0.091
  13.080    0.432    0.025   0.000   0.010   0.007   0.004   0.168   0.034   0.000   0.167
  13.100    0.611    0.009   0.001   0.004   0.003   0.003   0.405   0.057   0.000   0.133
  13.120    1.149    0.005   0.006   0.003   0.004   0.005   0.954   0.169   0.000   0.036
  13.140    0.252    0.004   0.006   0.003   0.004   0.005   0.208   0.013   0.000   0.008
  13.160    0.215    0.007   0.012   0.013   0.012   0.013   0.155   0.000   0.000   0.001
  13.180    0.292    0.022   0.039   0.044   0.041   0.041   0.104   0.000   0.000   0.000
  13.200    0.481    0.085   0.059   0.071   0.067   0.063   0.136   0.000   0.000   0.000
  13.220    0.537    0.071   0.104   0.079   0.087   0.094   0.100   0.000   0.003   0.000
  13.240    0.702    0.093   0.149   0.130   0.135   0.142   0.032   0.000   0.027   0.000
  13.260    2.502    0.537   0.456   0.487   0.481   0.465   0.028   0.000   0.010   0.000
  13.280    1.298    0.250   0.238   0.235   0.236   0.239   0.030   0.000   0.060   0.000
  13.300    0.699    0.071   0.130   0.112   0.117   0.122   0.002   0.000   0.141   0.000
  13.320    0.573    0.076   0.087   0.071   0.077   0.080   0.000   0.000   0.156   0.000
  13.340    0.590    0.068   0.047   0.059   0.056   0.052   0.000   0.000   0.201   0.000
  13.360    0.608    0.016   0.037   0.041   0.038   0.039   0.000   0.000   0.474   0.001
  13.380    0.689    0.005   0.006   0.006   0.006   0.006   0.000   0.000   0.565   0.081
  13.400    1.159    0.004   0.008   0.003   0.004   0.006   0.000   0.000   1.149   0.041
  13.420    3.062    0.006   0.002   0.003   0.003   0.003   0.000   0.000   3.200   0.025
  13.440    0.829    0.015   0.000   0.006   0.004   0.003   0.000   0.008   0.789   0.029
  13.460    0.700    0.017   0.000   0.007   0.005   0.003   0.000   0.082   0.459   0.105
  13.480    0.834    0.000   0.000   0.000   0.000   0.000   0.000   0.225   0.418   0.277
  13.500    0.535    0.000   0.000   0.000   0.000   0.000   0.000   0.126   0.180   0.136
  13.520    0.711    0.000   0.000   0.000   0.000   0.000   0.000   0.288   0.112   0.223
  13.540    1.197    0.000   0.000   0.000   0.000   0.000   0.000   0.624   0.138   0.424
  13.560    4.135    0.000   0.000   0.000   0.000   0.000   0.000   2.034   0.035   2.181
  13.580    1.701    0.000   0.000   0.000   0.000   0.000   0.000   0.924   0.010   0.713
  13.600    0.798    0.000   0.000   0.000   0.000   0.000   0.000   0.454   0.023   0.302
  13.620    0.386    0.000   0.000   0.000   0.000   0.000   0.000   0.187   0.000   0.163
  13.640    0.258    0.000   0.000   0.000   0.000   0.000   0.000   0.123   0.000   0.145
  13.660    0.417    0.000   0.000   0.000   0.000   0.000   0.000   0.215   0.000   0.259
  13.680    0.083    0.001   0.000   0.000   0.000   0.000   0.000   0.031   0.000   0.044
  13.700    0.056    0.002   0.001   0.001   0.001   0.001   0.000   0.002   0.000   0.024
  13.720    0.064    0.010   0.004   0.007   0.006   0.006   0.000   0.000   0.000   0.027
  13.740    0.212    0.037   0.016   0.025   0.022   0.019   0.000   0.000   0.000   0.087
  13.760    0.083    0.014   0.014   0.011   0.012   0.013   0.000   0.000   0.000   0.016
  13.780    0.068    0.008   0.016   0.014   0.014   0.015   0.000   0.000   0.000   0.000
  13.800    0.134    0.008   0.032   0.031   0.030   0.032   0.000   0.000   0.001   0.000
  13.820    0.139    0.013   0.029   0.018   0.022   0.025   0.000   0.000   0.047   0.000
  13.840    0.273    0.055   0.050   0.048   0.050   0.049   0.000   0.000   0.030   0.000
  13.860    0.731    0.164   0.127   0.143   0.139   0.133   0.000   0.000   0.035   0.000
  13.880    0.190    0.029   0.038   0.028   0.031   0.034   0.000   0.000   0.035   0.000
  13.900    0.200    0.010   0.024   0.019   0.021   0.021   0.000   0.000   0.098   0.000
  13.920    0.334    0.007   0.030   0.029   0.028   0.030   0.000   0.000   0.199   0.000
  13.940    0.327    0.008   0.015   0.010   0.012   0.013   0.000   0.002   0.246   0.000
  13.960    0.498    0.017   0.012   0.013   0.013   0.012   0.000   0.012   0.376   0.003
  13.980    0.826    0.034   0.014   0.022   0.021   0.018   0.000   0.071   0.634   0.019
  14.000    2.432    0.006   0.002   0.004   0.003   0.003   0.000   0.243   2.212   0.075
  14.020    0.935    0.002   0.000   0.001   0.001   0.001   0.000   0.102   0.632   0.198
  14.040    0.784    0.000   0.000   0.000   0.000   0.000   0.000   0.196   0.369   0.181
  14.060    0.826    0.000   0.000   0.000   0.000   0.000   0.000   0.347   0.249   0.202
  14.080    0.843    0.000   0.000   0.000   0.000   0.000   0.001   0.287   0.197   0.371
  14.100    0.976    0.000   0.000   0.000   0.000   0.000   0.003   0.397   0.098   0.417
  14.120    1.663    0.000   0.000   0.000   0.000   0.000   0.018   0.752   0.033   0.815
  14.140    7.087    0.000   0.000   0.000   0.000   0.000   0.094   3.449   0.034   3.595
  14.160    2.173    0.000   0.000   0.000   0.000   0.000   0.046   0.969   0.027   1.112
  14.180    1.054    0.000   0.000   0.000   0.000   0.000   0.080   0.435   0.048   0.450
  14.200    0.737    0.000   0.000   0.000   0.000   0.000   0.078   0.283   0.001   0.395
  14.220    0.684    0.001   0.000   0.000   0.000   0.000   0.127   0.319   0.000   0.218
  14.240    0.703    0.012   0.003   0.006   0.006   0.004   0.259   0.259   0.000   0.159
  14.260    0.969    0.024   0.007   0.014   0.011   0.009   0.583   0.093   0.000   0.227
  14.280    2.246    0.011   0.006   0.007   0.007   0.007   1.944   0.199   0.000   0.084
  14.300    0.968    0.030   0.020   0.021   0.021   0.021   0.710   0.130   0.000   0.033
  14.320    0.498    0.029   0.022   0.026   0.024   0.023   0.357   0.016   0.000   0.004
  14.340    0.321    0.015   0.040   0.037   0.037   0.039   0.150   0.003   0.000   0.001
  14.360    0.279    0.016   0.043   0.039   0.040   0.042   0.098   0.000   0.003   0.000
  14.380    0.338    0.033   0.063   0.043   0.050   0.055   0.076   0.000   0.032   0.000
  14.400    0.618    0.106   0.112   0.103   0.106   0.109   0.045   0.000   0.053   0.000
  14.420    2.690    0.558   0.489   0.522   0.513   0.500   0.078   0.000   0.051   0.000
  14.440    0.907    0.162   0.153   0.153   0.151   0.152   0.044   0.000   0.133   0.000
  14.460    0.419    0.040   0.069   0.046   0.055   0.061   0.005   0.000   0.155   0.000
  14.480    0.394    0.018   0.046   0.041   0.044   0.045   0.001   0.000   0.248   0.000
  14.500    0.478    0.014   0.037   0.035   0.034   0.035   0.000   0.060   0.319   0.001
  14.520    0.607    0.020   0.025   0.025   0.025   0.025   0.000   0.035   0.390   0.041
  14.540    1.103    0.037   0.022   0.026   0.025   0.023   0.000   0.063   0.756   0.058
  14.560    3.017    0.013   0.009   0.008   0.008   0.009   0.000   0.161   2.619   0.064
  14.580    1.050    0.015   0.005   0.009   0.007   0.007   0.000   0.086   0.781   0.056
  14.600    0.909    0.022   0.005   0.012   0.010   0.008   0.000   0.241   0.384   0.173
  14.620    0.913    0.001   0.000   0.001   0.000   0.000   0.000   0.338   0.327   0.299
  14.640    1.067    0.000   0.000   0.000   0.000   0.000   0.000   0.299   0.247   0.554
  14.660    1.408    0.000   0.000   0.000   0.000   0.000   0.000   0.540   0.150   0.694
  14.680    2.575    0.000   0.000   0.000   0.000   0.000   0.000   1.182   0.136   1.265
  14.700    6.761    0.000   0.000   0.000   0.000   0.000   0.000   3.617   0.051   3.211
  14.720    1.844    0.000   0.000   0.000   0.000   0.000   0.000   0.818   0.049   0.970
  14.740    1.122    0.000   0.000   0.000   0.000   0.000   0.000   0.455   0.035   0.578
  14.760    0.785    0.001   0.000   0.000   0.000   0.000   0.000   0.282   0.003   0.489
  14.780    0.581    0.007   0.001   0.003   0.002   0.002   0.000   0.316   0.000   0.276
  14.800    0.480    0.055   0.015   0.032   0.027   0.022   0.000   0.191   0.000   0.129
  14.820    0.222    0.027   0.011   0.017   0.015   0.014   0.000   0.089   0.000   0.045
  14.840    0.355    0.035   0.028   0.025   0.025   0.027   0.000   0.154   0.000   0.063
  14.860    0.399    0.078   0.049   0.061   0.057   0.052   0.000   0.044   0.000   0.067
  14.880    0.409    0.041   0.082   0.078   0.077   0.081   0.000   0.047   0.000   0.015
  14.900    0.473    0.067   0.095   0.096   0.095   0.095   0.000   0.035   0.000   0.001
  14.920    0.702    0.108   0.162   0.134   0.144   0.152   0.000   0.000   0.000   0.000
  14.940    0.903    0.141   0.208   0.171   0.183   0.193   0.000   0.000   0.002   0.000
  14.960    3.353    0.744   0.614   0.666   0.654   0.630   0.000   0.000   0.010   0.000
  14.980    1.892    0.392   0.352   0.361   0.357   0.358   0.000   0.000   0.069   0.000
  15.000    0.892    0.103   0.185   0.139   0.154   0.168   0.000   0.000   0.111   0.000
  15.020    0.792    0.105   0.143   0.134   0.139   0.139   0.000   0.001   0.105   0.000
  15.040    0.702    0.053   0.088   0.087   0.084   0.086   0.000   0.033   0.295   0.006
  15.060    0.628    0.044   0.061   0.061   0.060   0.062   0.000   0.018   0.346   0.004
  15.080    0.762    0.075   0.046   0.055   0.053   0.049   0.000   0.011   0.541   0.004
  15.100    1.519    0.027   0.020   0.018   0.019   0.020   0.000   0.011   1.380   0.004
  15.120    0.588    0.036   0.012   0.022   0.018   0.016   0.000   0.033   0.517   0.007
  15.140    0.553    0.041   0.011   0.023   0.020   0.016   0.000   0.101   0.323   0.038
  15.160    0.413    0.003   0.000   0.001   0.001   0.001   0.004   0.089   0.301   0.041
  15.180    0.339    0.000   0.000   0.000   0.000   0.000   0.041   0.085   0.104   0.076
  15.200    0.441    0.000   0.000   0.000   0.000   0.000   0.022   0.130   0.099   0.147
  15.220    1.178    0.000   0.000   0.000   0.000   0.000   0.087   0.430   0.078   0.589
  15.240    1.607    0.000   0.000   0.000   0.000   0.000   0.087   0.634   0.010   0.825
  15.260    0.449    0.000   0.000   0.000   0.000   0.000   0.131   0.134   0.002   0.171
  15.280    0.430    0.000   0.000   0.000   0.000   0.000   0.242   0.092   0.000   0.086
  15.300    0.358    0.000   0.000   0.000   0.000   0.000   0.247   0.072   0.000   0.040
  15.320    0.518    0.000   0.000   0.000   0.000   0.000   0.363   0.111   0.000   0.043
  15.340    0.695    0.000   0.000   0.000   0.000   0.000   0.651   0.044   0.000   0.009
  15.360    2.228    0.000   0.000   0.000   0.000   0.000   2.213   0.013   0.000   0.004
  15.380    0.810    0.000   0.000   0.000   0.000   0.000   0.796   0.009   0.000   0.004
  15.400    0.433    0.000   0.000   0.000   0.000   0.000   0.418   0.015   0.000   0.003
  15.420    0.286    0.000   0.000   0.000   0.000   0.000   0.249   0.036   0.001   0.007
  15.440    0.257    0.000   0.000   0.000   0.000   0.000   0.247   0.002   0.012   0.000
  15.460    0.244    0.000   0.000   0.000   0.000   0.000   0.164   0.000   0.117   0.000
  15.480    0.140    0.000   0.000   0.000   0.000   0.000   0.073   0.000   0.072   0.000
  15.500    0.205    0.000   0.000   0.000   0.000   0.000   0.105   0.000   0.114   0.000
  15.520    0.190    0.000   0.000   0.000   0.000   0.000   0.027   0.000   0.174   0.000
  15.540    0.323    0.000   0.000   0.000   0.000   0.000   0.033   0.003   0.281   0.001
  15.560    0.392    0.000   0.000   0.000   0.000   0.000   0.015   0.078   0.249   0.016
  15.580    0.506    0.000   0.000   0.000   0.000   0.000   0.000   0.053   0.320   0.076
  15.600    0.795    0.000   0.000   0.000   0.000   0.000   0.000   0.058   0.570   0.138
  15.620    2.284    0.000   0.000   0.000   0.000   0.000   0.000   0.188   2.151   0.080
  15.640    0.844    0.000   0.000   0.000   0.000   0.000   0.000   0.130   0.615   0.086
  15.660    0.874    0.000   0.000   0.000   0.000   0.000   0.000   0.247   0.319   0.250
  15.680    0.932    0.000   0.000   0.000   0.000   0.000   0.000   0.287   0.246   0.339
  15.700    1.110    0.000   0.000   0.000   0.000   0.000   0.000   0.302   0.279   0.479
  15.720    1.494    0.000   0.000   0.000   0.000   0.000   0.000   0.647   0.167   0.667
  15.740    4.714    0.000   0.000   0.000   0.000   0.000   0.000   2.420   0.126   2.243
  15.760    3.245    0.000   0.000   0.000   0.000   0.000   0.000   1.650   0.067   1.549
  15.780    1.272    0.000   0.000   0.000   0.000   0.000   0.000   0.570   0.117   0.598
  15.800    0.766    0.000   0.000   0.000   0.000   0.000   0.000   0.274   0.015   0.450
  15.820    0.633    0.000   0.000   0.000   0.000   0.000   0.000   0.279   0.001   0.349
  15.840    0.436    0.000   0.000   0.000   0.000   0.000   0.000   0.230   0.000   0.196
  15.860    0.190    0.000   0.000   0.000   0.000   0.000   0.000   0.120   0.000   0.071
  15.880    0.247    0.000   0.000   0.000   0.000   0.000   0.000   0.178   0.000   0.082
  15.900    0.193    0.000   0.000   0.000   0.000   0.000   0.000   0.047   0.000   0.144
  15.920    0.120    0.001   0.001   0.001   0.001   0.001   0.000   0.067   0.000   0.052
  15.940    0.092    0.005   0.004   0.004   0.004   0.004   0.000   0.056   0.002   0.012
  15.960    0.101    0.013   0.012   0.012   0.012   0.012   0.000   0.001   0.040   0.001
  15.980    0.234    0.031   0.032   0.032   0.032   0.032   0.000   0.000   0.077   0.000
  16.000    0.794    0.135   0.139   0.138   0.140   0.139   0.000   0.000   0.052   0.000
  16.020    0.298    0.032   0.032   0.032   0.032   0.033   0.000   0.000   0.124   0.000
  16.040    0.267    0.013   0.012   0.012   0.012   0.012   0.000   0.000   0.184   0.001
  16.060    0.363    0.005   0.004   0.005   0.004   0.004   0.000   0.044   0.263   0.013
  16.080    0.569    0.001   0.001   0.001   0.001   0.001   0.000   0.098   0.493   0.021
  16.100    0.823    0.000   0.000   0.001   0.000   0.000   0.000   0.060   0.736   0.027
  16.120    2.941    0.000   0.000   0.000   0.000   0.000   0.000   0.157   2.873   0.080
  16.140    1.559    0.000   0.000   0.000   0.000   0.000   0.000   0.094   1.190   0.306
  16.160    0.989    0.000   0.000   0.000   0.000   0.000   0.000   0.141   0.532   0.280
  16.180    0.833    0.000   0.000   0.000   0.000   0.000   0.007   0.160   0.386   0.247
  16.200    0.982    0.000   0.000   0.000   0.000   0.000   0.026   0.268   0.229   0.449
  16.220    1.471    0.000   0.000   0.000   0.000   0.000   0.011   0.723   0.133   0.553
  16.240    4.623    0.000   0.000   0.000   0.000   0.000   0.015   2.382   0.078   2.227
  16.260    3.185    0.000   0.000   0.000   0.000   0.000   0.020   1.698   0.043   1.392
  16.280    1.278    0.000   0.000   0.000   0.000   0.000   0.070   0.629   0.082   0.493
  16.300    0.829    0.013   0.000   0.004   0.003   0.002   0.117   0.244   0.008   0.422
  16.320    0.529    0.008   0.002   0.004   0.003   0.003   0.104   0.145   0.000   0.223
  16.340    0.695    0.029   0.011   0.018   0.016   0.014   0.137   0.130   0.000   0.315
  16.360    0.786    0.020   0.011   0.014   0.013   0.012   0.380   0.097   0.000   0.242
  16.380    0.815    0.039   0.029   0.033   0.031   0.031   0.432   0.146   0.000   0.073
  16.400    0.529    0.063   0.059   0.069   0.065   0.063   0.136   0.054   0.000   0.023
  16.420    0.500    0.039   0.065   0.059   0.060   0.063   0.103   0.109   0.002   0.021
  16.440    0.661    0.070   0.116   0.099   0.105   0.108   0.106   0.021   0.004   0.009
  16.460    0.741    0.103   0.145   0.121   0.127   0.136   0.083   0.000   0.015   0.001
  16.480    1.803    0.370   0.337   0.346   0.344   0.341   0.021   0.000   0.018   0.000
  16.500    2.948    0.620   0.542   0.575   0.568   0.553   0.015   0.000   0.079   0.000
  16.520    0.962    0.122   0.159   0.135   0.142   0.150   0.010   0.000   0.262   0.000
  16.540    0.758    0.076   0.126   0.104   0.113   0.117   0.024   0.000   0.212   0.002
  16.560    0.776    0.043   0.069   0.063   0.064   0.067   0.009   0.001   0.526   0.013
  16.580    1.013    0.046   0.051   0.054   0.052   0.053   0.000   0.013   0.627   0.122
  16.600    1.737    0.057   0.046   0.054   0.052   0.049   0.000   0.093   1.220   0.102
  16.620    2.464    0.020   0.012   0.014   0.013   0.014   0.000   0.133   2.142   0.069
  16.640    0.991    0.030   0.012   0.019   0.017   0.015   0.000   0.093   0.681   0.090
  16.660    0.978    0.012   0.004   0.007   0.005   0.005   0.000   0.226   0.588   0.226
  16.680    0.603    0.010   0.000   0.003   0.002   0.002   0.000   0.180   0.276   0.153
  16.700    0.642    0.004   0.000   0.001   0.001   0.000   0.000   0.200   0.192   0.187
  16.720    1.249    0.000   0.000   0.000   0.000   0.000   0.000   0.576   0.193   0.534
  16.740    1.906    0.000   0.000   0.000   0.000   0.000   0.000   0.967   0.025   0.954
  16.760    0.515    0.001   0.000   0.000   0.000   0.000   0.000   0.230   0.019   0.223
  16.780    0.400    0.017   0.000   0.007   0.005   0.003   0.000   0.165   0.004   0.150
  16.800    0.448    0.008   0.002   0.004   0.003   0.003   0.000   0.219   0.003   0.214
  16.820    0.346    0.025   0.013   0.017   0.016   0.015   0.000   0.139   0.000   0.129
  16.840    0.219    0.017   0.011   0.012   0.012   0.011   0.000   0.089   0.000   0.065
  16.860    0.280    0.009   0.015   0.013   0.013   0.014   0.000   0.144   0.000   0.080
  16.880    0.308    0.013   0.031   0.032   0.030   0.031   0.000   0.025   0.001   0.145
  16.900    0.251    0.029   0.041   0.044   0.042   0.042   0.000   0.004   0.020   0.031
  16.920    0.414    0.079   0.084   0.075   0.080   0.079   0.000   0.000   0.021   0.004
  16.940    0.589    0.087   0.120   0.103   0.108   0.114   0.000   0.000   0.081   0.000
  16.960    1.577    0.326   0.298   0.308   0.306   0.301   0.000   0.000   0.055   0.000
  16.980    1.792    0.375   0.334   0.350   0.345   0.340   0.000   0.000   0.063   0.000
  17.000    0.625    0.086   0.120   0.104   0.108   0.114   0.000   0.004   0.103   0.007
  17.020    0.651    0.080   0.088   0.076   0.082   0.083   0.000   0.039   0.136   0.069
  17.040    0.573    0.034   0.044   0.046   0.045   0.045   0.000   0.162   0.155   0.054
  17.060    0.542    0.014   0.030   0.032   0.030   0.031   0.000   0.077   0.234   0.036
  17.080    1.282    0.009   0.017   0.014   0.014   0.015   0.000   0.097   1.018   0.075
  17.100    1.146    0.014   0.010   0.010   0.010   0.010   0.000   0.116   0.662   0.267
  17.120    0.992    0.026   0.014   0.017   0.017   0.015   0.002   0.299   0.206   0.346
  17.140    0.914    0.008   0.002   0.004   0.003   0.003   0.019   0.412   0.144   0.306
  17.160    1.137    0.017   0.000   0.007   0.005   0.003   0.059   0.394   0.131   0.472
  17.180    1.624    0.001   0.000   0.000   0.000   0.000   0.048   0.798   0.097   0.681
  17.200    5.665    0.000   0.000   0.000   0.000   0.000   0.136   2.680   0.052   2.907
  17.220    2.598    0.000   0.000   0.000   0.000   0.000   0.095   1.281   0.060   1.174
  17.240    1.272    0.001   0.000   0.000   0.000   0.000   0.117   0.552   0.071   0.512
  17.260    0.885    0.003   0.001   0.002   0.001   0.001   0.136   0.328   0.018   0.377
  17.280    0.981    0.021   0.009   0.014   0.012   0.011   0.196   0.421   0.016   0.281
  17.300    1.148    0.046   0.022   0.032   0.029   0.026   0.446   0.179   0.001   0.386
  17.320    1.570    0.017   0.016   0.013   0.014   0.015   1.264   0.104   0.000   0.117
  17.340    0.666    0.011   0.018   0.014   0.015   0.016   0.463   0.074   0.000   0.047
  17.360    0.535    0.014   0.039   0.039   0.038   0.039   0.209   0.107   0.032   0.041
  17.380    0.522    0.033   0.042   0.042   0.043   0.042   0.139   0.123   0.025   0.054
  17.400    0.513    0.047   0.069   0.050   0.057   0.062   0.112   0.010   0.080   0.047
  17.420    0.741    0.114   0.111   0.111   0.110   0.111   0.091   0.001   0.096   0.000
  17.440    1.458    0.268   0.217   0.239   0.234   0.225   0.136   0.000   0.122   0.000
  17.460    0.654    0.060   0.079   0.067   0.071   0.074   0.053   0.005   0.281   0.000
  17.480    0.636    0.043   0.057   0.046   0.050   0.052   0.055   0.026   0.283   0.003
  17.500    0.778    0.023   0.044   0.045   0.044   0.045   0.024   0.108   0.413   0.024
  17.520    0.717    0.011   0.024   0.024   0.023   0.024   0.002   0.069   0.497   0.016
  17.540    1.570    0.011   0.018   0.011   0.013   0.015   0.000   0.124   1.369   0.042
  17.560    1.557    0.022   0.014   0.016   0.016   0.015   0.000   0.109   1.348   0.048
  17.580    0.888    0.047   0.021   0.032   0.029   0.025   0.000   0.110   0.491   0.084
  17.600    0.720    0.009   0.003   0.006   0.005   0.005   0.000   0.111   0.410   0.137
  17.620    0.726    0.002   0.000   0.001   0.001   0.001   0.000   0.112   0.280   0.294
  17.640    0.825    0.000   0.000   0.000   0.000   0.000   0.000   0.224   0.272   0.366
  17.660    2.037    0.000   0.000   0.000   0.000   0.000   0.000   0.953   0.125   0.914
  17.680    0.902    0.001   0.000   0.000   0.000   0.000   0.000   0.367   0.090   0.462
  17.700    0.518    0.015   0.004   0.008   0.007   0.006   0.000   0.122   0.084   0.278
  17.720    0.391    0.009   0.003   0.005   0.004   0.004   0.000   0.116   0.025   0.220
  17.740    0.256    0.004   0.004   0.003   0.003   0.003   0.000   0.108   0.032   0.095
  17.760    0.167    0.005   0.006   0.004   0.004   0.005   0.000   0.091   0.000   0.052
  17.780    0.246    0.013   0.011   0.013   0.012   0.011   0.000   0.137   0.000   0.049
  17.800    0.255    0.029   0.032   0.037   0.035   0.034   0.000   0.077   0.008   0.020
  17.820    0.247    0.016   0.024   0.020   0.022   0.023   0.000   0.099   0.042   0.022
  17.840    0.274    0.023   0.045   0.035   0.038   0.041   0.000   0.053   0.038   0.010
  17.860    0.369    0.052   0.061   0.055   0.056   0.058   0.000   0.008   0.108   0.000
  17.880    1.259    0.249   0.226   0.236   0.234   0.229   0.000   0.001   0.108   0.000
  17.900    1.107    0.193   0.174   0.181   0.179   0.176   0.000   0.000   0.274   0.000
  17.920    0.560    0.045   0.056   0.049   0.051   0.053   0.000   0.002   0.320   0.024
  17.940    0.497    0.021   0.042   0.032   0.035   0.038   0.000   0.002   0.315   0.031
  17.960    0.553    0.016   0.022   0.020   0.021   0.022   0.000   0.001   0.418   0.011
  17.980    0.894    0.027   0.031   0.036   0.034   0.033   0.000   0.003   0.605   0.010
  18.000    2.093    0.012   0.009   0.011   0.010   0.010   0.000   0.020   1.872   0.023
  18.020    0.864    0.004   0.006   0.004   0.004   0.005   0.002   0.055   0.601   0.087
  18.040    0.681    0.004   0.003   0.003   0.003   0.003   0.011   0.169   0.406   0.072
  18.060    0.661    0.011   0.003   0.006   0.005   0.004   0.060   0.161   0.315   0.111
  18.080    0.778    0.013   0.003   0.007   0.006   0.005   0.047   0.224   0.296   0.191
  18.100    1.549    0.000   0.000   0.000   0.000   0.000   0.088   0.592   0.285   0.667
  18.120    1.705    0.001   0.000   0.000   0.000   0.000   0.108   0.722   0.106   0.805
  18.140    0.729    0.019   0.005   0.010   0.009   0.007   0.142   0.231   0.109   0.201
  18.160    0.610    0.031   0.009   0.018   0.015   0.013   0.205   0.151   0.037   0.117
  18.180    0.547    0.011   0.006   0.007   0.007   0.007   0.245   0.176   0.043   0.073
  18.200    0.635    0.010   0.013   0.008   0.009   0.012   0.444   0.063   0.008   0.087
  18.220    1.450    0.022   0.018   0.021   0.020   0.019   1.298   0.026   0.000   0.025
  18.240    0.831    0.058   0.066   0.074   0.072   0.069   0.473   0.003   0.000   0.010
  18.260    0.535    0.045   0.056   0.053   0.053   0.054   0.254   0.001   0.000   0.010
  18.280    0.730    0.078   0.108   0.093   0.097   0.102   0.201   0.002   0.002   0.025
  18.300    0.839    0.102   0.138   0.119   0.125   0.131   0.154   0.002   0.037   0.030
  18.320    1.714    0.340   0.302   0.316   0.313   0.307   0.101   0.000   0.029   0.000
  18.340    1.814    0.362   0.315   0.332   0.328   0.320   0.096   0.013   0.024   0.001
  18.360    0.740    0.097   0.136   0.116   0.122   0.128   0.045   0.024   0.039   0.006
  18.380    0.743    0.082   0.111   0.096   0.102   0.105   0.062   0.058   0.087   0.027
  18.400    0.646    0.045   0.055   0.051   0.052   0.054   0.013   0.117   0.157   0.103
  18.420    0.949    0.058   0.065   0.074   0.071   0.068   0.002   0.089   0.377   0.220
  18.440    1.413    0.024   0.020   0.023   0.022   0.022   0.000   0.183   1.063   0.130
  18.460    0.651    0.010   0.013   0.008   0.009   0.011   0.000   0.148   0.343   0.152
  18.480    0.670    0.010   0.006   0.007   0.006   0.007   0.000   0.183   0.148   0.306
  18.500    0.827    0.027   0.008   0.016   0.014   0.012   0.000   0.271   0.087   0.362
  18.520    1.267    0.022   0.006   0.012   0.010   0.008   0.000   0.571   0.037   0.550
  18.540    3.789    0.001   0.000   0.000   0.000   0.000   0.000   2.050   0.022   1.738
  18.560    2.424    0.000   0.000   0.000   0.000   0.000   0.000   1.243   0.029   1.152
  18.580    0.983    0.002   0.000   0.001   0.001   0.001   0.000   0.456   0.036   0.459
  18.600    0.634    0.006   0.002   0.004   0.003   0.003   0.000   0.242   0.002   0.346
  18.620    0.537    0.031   0.015   0.022   0.020   0.018   0.000   0.168   0.000   0.269
  18.640    0.443    0.037   0.021   0.028   0.026   0.024   0.000   0.150   0.000   0.139
  18.660    0.411    0.024   0.024   0.021   0.022   0.023   0.000   0.160   0.001   0.129
  18.680    0.475    0.031   0.034   0.035   0.035   0.034   0.000   0.078   0.026   0.217
  18.700    0.450    0.018   0.046   0.042   0.042   0.044   0.000   0.125   0.079   0.074
  18.720    0.327    0.022   0.048   0.037   0.041   0.044   0.000   0.033   0.056   0.018
  18.740    0.449    0.059   0.064   0.056   0.058   0.061   0.000   0.032   0.141   0.004
  18.760    1.098    0.218   0.169   0.191   0.186   0.176   0.000   0.002   0.126   0.001
  18.780    0.683    0.074   0.072   0.068   0.069   0.070   0.000   0.023   0.289   0.013
  18.800    0.685    0.024   0.051   0.037   0.041   0.046   0.000   0.033   0.306   0.100
  18.820    0.888    0.018   0.044   0.040   0.041   0.043   0.000   0.112   0.518   0.066
  18.840    1.035    0.025   0.035   0.035   0.034   0.035   0.000   0.097   0.735   0.062
  18.860    2.455    0.028   0.027   0.024   0.026   0.026   0.000   0.253   2.046   0.114
  18.880    2.044    0.029   0.018   0.022   0.021   0.019   0.014   0.223   1.499   0.300
  18.900    1.307    0.039   0.020   0.029   0.026   0.023   0.011   0.208   0.667   0.282
  18.920    1.132    0.008   0.003   0.005   0.005   0.004   0.007   0.272   0.471   0.304
  18.940    1.199    0.002   0.001   0.001   0.001   0.001   0.012   0.384   0.291   0.424
  18.960    2.412    0.000   0.000   0.000   0.000   0.000   0.010   1.119   0.262   1.023
  18.980    3.871    0.000   0.000   0.000   0.000   0.000   0.042   1.878   0.113   1.888
  19.000    1.232    0.000   0.000   0.000   0.000   0.000   0.052   0.540   0.132   0.503
  19.020    0.855    0.000   0.000   0.000   0.000   0.000   0.108   0.283   0.049   0.353
  19.040    0.714    0.000   0.000   0.000   0.000   0.000   0.143   0.226   0.082   0.249
  19.060    0.803    0.000   0.000   0.000   0.000   0.000   0.275   0.189   0.014   0.344
  19.080    1.141    0.000   0.000   0.000   0.000   0.000   0.712   0.285   0.000   0.157
  19.100    0.461    0.000   0.000   0.000   0.000   0.000   0.248   0.133   0.009   0.072
  19.120    0.347    0.000   0.000   0.000   0.000   0.000   0.138   0.112   0.060   0.060
  19.140    0.267    0.000   0.000   0.000   0.000   0.000   0.100   0.060   0.023   0.096
  19.160    0.147    0.000   0.000   0.000   0.000   0.000   0.051   0.025   0.030   0.039
  19.180    0.119    0.000   0.000   0.000   0.000   0.000   0.038   0.008   0.029   0.003
  19.200    0.166    0.000   0.000   0.000   0.000   0.000   0.009   0.048   0.103   0.010
  19.220    0.161    0.000   0.000   0.000   0.000   0.000   0.012   0.034   0.088   0.015
  19.240    0.350    0.000   0.000   0.000   0.000   0.000   0.006   0.115   0.183   0.048
  19.260    0.459    0.000   0.000   0.000   0.000   0.000   0.013   0.067   0.256   0.141
  19.280    0.814    0.000   0.000   0.000   0.000   0.000   0.011   0.063   0.696   0.092
  19.300    0.683    0.000   0.000   0.000   0.000   0.000   0.000   0.132   0.457   0.106
  19.320    0.698    0.000   0.000   0.000   0.000   0.000   0.000   0.258   0.230   0.219
  19.340    0.731    0.000   0.000   0.000   0.000   0.000   0.000   0.253   0.155   0.298
  19.360    0.814    0.000   0.000   0.000   0.000   0.000   0.000   0.301   0.089   0.387
  19.380    1.898    0.000   0.000   0.000   0.000   0.000   0.000   0.925   0.085   0.901
  19.400    2.108    0.001   0.000   0.001   0.001   0.001   0.000   1.066   0.025   1.000
  19.420    0.786    0.014   0.005   0.009   0.008   0.007   0.000   0.304   0.027   0.381
  19.440    0.614    0.013   0.006   0.009   0.008   0.007   0.000   0.236   0.026   0.309
  19.460    0.572    0.007   0.006   0.005   0.005   0.006   0.000   0.274   0.056   0.232
  19.480    0.305    0.010   0.009   0.008   0.009   0.009   0.000   0.140   0.003   0.109
  19.500    0.298    0.029   0.025   0.030   0.028   0.027   0.000   0.066   0.000   0.085
  19.520    0.413    0.042   0.042   0.045   0.044   0.042   0.000   0.059   0.002   0.142
  19.540    0.331    0.021   0.038   0.031   0.033   0.036   0.000   0.118   0.009   0.054
  19.560    0.311    0.029   0.054   0.044   0.047   0.049   0.000   0.037   0.044   0.016
  19.580    0.509    0.083   0.077   0.076   0.076   0.077   0.000   0.050   0.073   0.010
  19.600    0.947    0.191   0.154   0.169   0.166   0.158   0.000   0.018   0.060   0.008
  19.620    0.449    0.047   0.057   0.048   0.051   0.054   0.000   0.056   0.095   0.048
  19.640    0.466    0.023   0.050   0.040   0.043   0.047   0.000   0.041   0.121   0.100
  19.660    0.419    0.023   0.034   0.029   0.031   0.032   0.000   0.061   0.136   0.055
  19.680    0.629    0.045   0.042   0.048   0.046   0.044   0.000   0.079   0.274   0.063
  19.700    1.058    0.019   0.015   0.018   0.017   0.017   0.004   0.186   0.678   0.143
  19.720    0.685    0.007   0.008   0.006   0.007   0.008   0.018   0.162   0.217   0.283
  19.740    0.692    0.007   0.004   0.005   0.005   0.004   0.040   0.268   0.126   0.212
  19.760    0.888    0.018   0.007   0.012   0.010   0.009   0.096   0.294   0.116   0.305
  19.780    1.334    0.007   0.002   0.004   0.003   0.003   0.074   0.579   0.085   0.543
  19.800    3.304    0.001   0.000   0.001   0.001   0.000   0.122   1.612   0.056   1.569
  19.820    1.253    0.006   0.002   0.004   0.003   0.003   0.128   0.516   0.077   0.491
  19.840    0.852    0.019   0.008   0.013   0.011   0.010   0.170   0.277   0.033   0.290
  19.860    0.726    0.013   0.008   0.010   0.009   0.009   0.200   0.259   0.006   0.206
  19.880    0.889    0.023   0.017   0.018   0.018   0.018   0.367   0.161   0.002   0.276
  19.900    1.356    0.011   0.014   0.012   0.013   0.013   0.981   0.175   0.004   0.135
  19.920    0.628    0.010   0.023   0.022   0.022   0.023   0.356   0.078   0.024   0.059
  19.940    0.506    0.014   0.028   0.025   0.026   0.027   0.198   0.060   0.067   0.055
  19.960    0.576    0.027   0.040   0.030   0.033   0.036   0.166   0.038   0.089   0.102
  19.980    0.778    0.080   0.078   0.076   0.077   0.077   0.128   0.057   0.193   0.042
  20.000    1.632    0.278   0.249   0.263   0.260   0.253   0.117   0.013   0.196   0.006
  20.020    0.801    0.082   0.080   0.079   0.079   0.079   0.075   0.010   0.356   0.002
  20.040    0.662    0.026   0.040   0.029   0.033   0.036   0.093   0.041   0.405   0.009
  20.060    0.779    0.014   0.028   0.026   0.026   0.027   0.041   0.088   0.532   0.026
  20.080    1.004    0.009   0.023   0.022   0.022   0.023   0.018   0.035   0.784   0.017
  20.100    2.263    0.011   0.014   0.012   0.013   0.013   0.004   0.027   2.006   0.043
  20.120    1.003    0.023   0.016   0.018   0.017   0.017   0.000   0.049   0.761   0.046
  20.140    0.699    0.014   0.009   0.010   0.010   0.009   0.000   0.052   0.525   0.082
  20.160    0.665    0.018   0.008   0.013   0.011   0.010   0.000   0.081   0.401   0.158
  20.180    0.801    0.007   0.003   0.004   0.004   0.003   0.000   0.250   0.348   0.231
  20.200    1.377    0.007   0.001   0.003   0.002   0.002   0.000   0.568   0.196   0.603
  20.220    0.635    0.016   0.006   0.010   0.009   0.008   0.000   0.225   0.189   0.208
  20.240    0.478    0.039   0.018   0.027   0.024   0.021   0.000   0.077   0.092   0.152
  20.260    0.321    0.030   0.018   0.022   0.021   0.020   0.000   0.054   0.066   0.079
  20.280    0.314    0.046   0.035   0.037   0.037   0.036   0.000   0.044   0.024   0.043
  20.300    0.238    0.024   0.037   0.035   0.035   0.036   0.000   0.025   0.007   0.041
  20.320    0.311    0.027   0.054   0.053   0.052   0.053   0.000   0.037   0.029   0.017
  20.340    0.510    0.053   0.079   0.072   0.074   0.076   0.000   0.086   0.063   0.026
  20.360    0.638    0.105   0.126   0.107   0.115   0.119   0.000   0.035   0.036   0.008
  20.380    1.098    0.206   0.208   0.205   0.205   0.207   0.000   0.009   0.053   0.002
  20.400    2.384    0.484   0.412   0.444   0.437   0.422   0.000   0.042   0.140   0.010
  20.420    0.972    0.132   0.155   0.140   0.144   0.150   0.000   0.073   0.195   0.016
  20.440    0.728    0.089   0.109   0.093   0.100   0.103   0.000   0.027   0.200   0.009
  20.460    0.616    0.040   0.065   0.063   0.063   0.064   0.000   0.027   0.272   0.014
  20.480    0.828    0.023   0.049   0.046   0.046   0.048   0.001   0.052   0.484   0.032
