  timestep     1700100      625000           1           3  1.99999995E-04   340.01999
       200.4700000000        0.0000000000        0.0000000000
         0.0000000000      200.4700000000        0.0000000000
         0.0000000000        0.0000000000      200.4700000000
  Ba           1   124.32000       5.6199999      0.42948899
     -100.0892460        -100.1154497        -100.1837039
      1.004738737        -2.097048492         5.161981576
  Ba           2   124.32000       5.6199999      0.42842901
     -96.09686428        -100.1229016         100.1436344
     0.7722852187        -1.049914713        0.8218859599E-01
  Ba           3   124.32000       5.6199999      0.45428199
     -92.25796845        -100.2143739         100.1817793
      1.127417246        -2.235914458        -3.735483767
  Ba           4   124.32000       5.6199999      0.32762000
     -88.30962029        -100.1107074        -100.2170414
     0.1479876625         2.677341571         4.240214739
  Ba           5   124.32000       5.6199999      0.80245399
     -84.08619562        -100.2120463        -100.1871328
     -3.400638872        -2.559794227       -0.1578582350
  Ba           6   124.32000       5.6199999      0.50199997
     -80.06098454         100.2336495         100.2129182
     0.7928412771        -1.821419572        -1.221289204
  Ba           7   124.32000       5.6199999      0.65364403
     -76.09280470         100.2327675        -100.1322705
     -2.475703272        0.4951434029       -0.8588144034
  Ba           8   124.32000       5.6199999      0.63004601
     -72.02214677         100.0699169        -100.1766317
      2.526732875         1.373123924         1.297870491
  Ba           9   124.32000       5.6199999      0.29464000
     -68.15537820        -100.1814875        -100.1512222
      3.174005476       -0.2095664490        -1.949017867
  Ba          10   124.32000       5.6199999      0.41856101
     -64.29327758        -100.2029270        -100.1876134
      1.961746978        0.9434616623         1.925782503
  Ba          11   124.32000       5.6199999      0.31718999
     -60.20004916        -100.1980709         100.1300976
      2.973442079        0.9434770371         1.588427158
  Ba          12   124.32000       5.6199999      0.55865800
     -55.88340004         100.1071982         100.0563580
    -0.7262967648         2.739102292        -1.328894809
  Ba          13   124.32000       5.6199999      0.33795100
     -52.08383975         100.2322419         100.0039573
      2.929012423        0.4689451997        -3.197217692
  Ba          14   124.32000       5.6199999      0.17540200
     -48.17227237         100.1480465         100.1538995
    -0.1106984505         1.190298266        0.1060967582E-01
  Ba          15   124.32000       5.6199999      0.20428100
     -43.96994288         100.1721475         100.0764516
    -0.7686599374E-01     2.678182399        -1.931749080
  Ba          16   124.32000       5.6199999      0.33344099
     -40.03684432         100.0859205        -100.1761723
     -2.725980822         2.472625203        -2.618819072
  Ba          17   124.32000       5.6199999      0.27682200
     -36.07633547         100.1539902         100.1425713
      2.001766687        -1.139217487        0.1822870086
  Ba          18   124.32000       5.6199999      0.15486901
     -32.03133551        -100.1264456         100.1881681
     -2.768337694        -1.673092806         2.775940985
  Ba          19   124.32000       5.6199999      0.17933400
     -28.15053259         100.1628394        -100.1530992
     -1.502210387         1.306671314        -2.445660529
  Ba          20   124.32000       5.6199999      0.12264200