 Substance:BZOb       2022/11/04 15:35:43                     
 Input files: ./data/BZO200dc_n0002.dat to ./data/BZO200dc_n0002.dat step           1
 Supercell size:          32
 Integration Monte Carlo      20000000 cell pairs
 Atoms/unit_cell:           5
 Atoms  :    Ba      Zr      O1      O2      O3  
 Atom no.        1       2       3       4       5
 Occup's:   1.0000  1.0000  1.0000  1.0000  1.0000
 at_weights:   5.0700  7.1600  5.8030  5.8030  5.8030
 Masks	:        1       1       1       1       1

 Atom pair partials:
                       1       2       3       4       5       1       1       2       3
                       1       2       3       4       5       2       3       3       4
   r(A^)   PDF_tot   PDF partials (cf. above)
   0.020    0.000    0.000   0.000   0.000   0.000   0.000   0.000   0.000   0.000   0.000
   0.040    0.000    0.000   0.000   0.000   0.000   0.000   0.000   0.000   0.000   0.000
   0.060    0.000    0.000   0.000   0.000   0.000   0.000   0.000   0.000   0.000   0.000
   0.080    0.000    0.000   0.000   0.000   0.000   0.000   0.000   0.000   0.000   0.000
   0.100    0.000    0.000   0.000   0.000   0.000   0.000   0.000   0.000   0.000   0.000
   0.120    0.000    0.000   0.000   0.000   0.000   0.000   0.000   0.000   0.000   0.000
   0.140    0.000    0.000   0.000   0.000   0.000   0.000   0.000   0.000   0.000   0.000
   0.160    0.000    0.000   0.000   0.000   0.000   0.000   0.000   0.000   0.000   0.000
   0.180    0.000    0.000   0.000   0.000   0.000   0.000   0.000   0.000   0.000   0.000
   0.200    0.000    0.000   0.000   0.000   0.000   0.000   0.000   0.000   0.000   0.000
   0.220    0.000    0.000   0.000   0.000   0.000   0.000   0.000   0.000   0.000   0.000
   0.240    0.000    0.000   0.000   0.000   0.000   0.000   0.000   0.000   0.000   0.000
   0.260    0.000    0.000   0.000   0.000   0.000   0.000   0.000   0.000   0.000   0.000
   0.280    0.000    0.000   0.000   0.000   0.000   0.000   0.000   0.000   0.000   0.000
   0.300    0.000    0.000   0.000   0.000   0.000   0.000   0.000   0.000   0.000   0.000
   0.320    0.000    0.000   0.000   0.000   0.000   0.000   0.000   0.000   0.000   0.000
   0.340    0.000    0.000   0.000   0.000   0.000   0.000   0.000   0.000   0.000   0.000
   0.360    0.000    0.000   0.000   0.000   0.000   0.000   0.000   0.000   0.000   0.000
   0.380    0.000    0.000   0.000   0.000   0.000   0.000   0.000   0.000   0.000   0.000
   0.400    0.000    0.000   0.000   0.000   0.000   0.000   0.000   0.000   0.000   0.000
   0.420    0.000    0.000   0.000   0.000   0.000   0.000   0.000   0.000   0.000   0.000
   0.440    0.000    0.000   0.000   0.000   0.000   0.000   0.000   0.000   0.000   0.000
   0.460    0.000    0.000   0.000   0.000   0.000   0.000   0.000   0.000   0.000   0.000
   0.480    0.000    0.000   0.000   0.000   0.000   0.000   0.000   0.000   0.000   0.000
   0.500    0.000    0.000   0.000   0.000   0.000   0.000   0.000   0.000   0.000   0.000
   0.520    0.000    0.000   0.000   0.000   0.000   0.000   0.000   0.000   0.000   0.000
   0.540    0.000    0.000   0.000   0.000   0.000   0.000   0.000   0.000   0.000   0.000
   0.560    0.000    0.000   0.000   0.000   0.000   0.000   0.000   0.000   0.000   0.000
   0.580    0.000    0.000   0.000   0.000   0.000   0.000   0.000   0.000   0.000   0.000
   0.600    0.000    0.000   0.000   0.000   0.000   0.000   0.000   0.000   0.000   0.000
   0.620    0.000    0.000   0.000   0.000   0.000   0.000   0.000   0.000   0.000   0.000
   0.640    0.000    0.000   0.000   0.000   0.000   0.000   0.000   0.000   0.000   0.000
   0.660    0.000    0.000   0.000   0.000   0.000   0.000   0.000   0.000   0.000   0.000
   0.680    0.000    0.000   0.000   0.000   0.000   0.000   0.000   0.000   0.000   0.000
   0.700    0.000    0.000   0.000   0.000   0.000   0.000   0.000   0.000   0.000   0.000
   0.720    0.000    0.000   0.000   0.000   0.000   0.000   0.000   0.000   0.000   0.000
   0.740    0.000    0.000   0.000   0.000   0.000   0.000   0.000   0.000   0.000   0.000
   0.760    0.000    0.000   0.000   0.000   0.000   0.000   0.000   0.000   0.000   0.000
   0.780    0.000    0.000   0.000   0.000   0.000   0.000   0.000   0.000   0.000   0.000
   0.800    0.000    0.000   0.000   0.000   0.000   0.000   0.000   0.000   0.000   0.000
   0.820    0.000    0.000   0.000   0.000   0.000   0.000   0.000   0.000   0.000   0.000
   0.840    0.000    0.000   0.000   0.000   0.000   0.000   0.000   0.000   0.000   0.000
   0.860    0.000    0.000   0.000   0.000   0.000   0.000   0.000   0.000   0.000   0.000
   0.880    0.000    0.000   0.000   0.000   0.000   0.000   0.000   0.000   0.000   0.000
   0.900    0.000    0.000   0.000   0.000   0.000   0.000   0.000   0.000   0.000   0.000
   0.920    0.000    0.000   0.000   0.000   0.000   0.000   0.000   0.000   0.000   0.000
   0.940    0.000    0.000   0.000   0.000   0.000   0.000   0.000   0.000   0.000   0.000
   0.960    0.000    0.000   0.000   0.000   0.000   0.000   0.000   0.000   0.000   0.000
   0.980    0.000    0.000   0.000   0.000   0.000   0.000   0.000   0.000   0.000   0.000
   1.000    0.000    0.000   0.000   0.000   0.000   0.000   0.000   0.000   0.000   0.000
   1.020    0.000    0.000   0.000   0.000   0.000   0.000   0.000   0.000   0.000   0.000
   1.040    0.000    0.000   0.000   0.000   0.000   0.000   0.000   0.000   0.000   0.000
   1.060    0.000    0.000   0.000   0.000   0.000   0.000   0.000   0.000   0.000   0.000
   1.080    0.000    0.000   0.000   0.000   0.000   0.000   0.000   0.000   0.000   0.000
   1.100    0.000    0.000   0.000   0.000   0.000   0.000   0.000   0.000   0.000   0.000
   1.120    0.000    0.000   0.000   0.000   0.000   0.000   0.000   0.000   0.000   0.000
   1.140    0.000    0.000   0.000   0.000   0.000   0.000   0.000   0.000   0.000   0.000
   1.160    0.000    0.000   0.000   0.000   0.000   0.000   0.000   0.000   0.000   0.000
   1.180    0.000    0.000   0.000   0.000   0.000   0.000   0.000   0.000   0.000   0.000
   1.200    0.000    0.000   0.000   0.000   0.000   0.000   0.000   0.000   0.000   0.000
   1.220    0.000    0.000   0.000   0.000   0.000   0.000   0.000   0.000   0.000   0.000
   1.240    0.000    0.000   0.000   0.000   0.000   0.000   0.000   0.000   0.000   0.000
   1.260    0.000    0.000   0.000   0.000   0.000   0.000   0.000   0.000   0.000   0.000
   1.280    0.000    0.000   0.000   0.000   0.000   0.000   0.000   0.000   0.000   0.000
   1.300    0.000    0.000   0.000   0.000   0.000   0.000   0.000   0.000   0.000   0.000
   1.320    0.000    0.000   0.000   0.000   0.000   0.000   0.000   0.000   0.000   0.000
   1.340    0.000    0.000   0.000   0.000   0.000   0.000   0.000   0.000   0.000   0.000
   1.360    0.000    0.000   0.000   0.000   0.000   0.000   0.000   0.000   0.000   0.000
   1.380    0.000    0.000   0.000   0.000   0.000   0.000   0.000   0.000   0.000   0.000
   1.400    0.000    0.000   0.000   0.000   0.000   0.000   0.000   0.000   0.000   0.000
   1.420    0.000    0.000   0.000   0.000   0.000   0.000   0.000   0.000   0.000   0.000
   1.440    0.000    0.000   0.000   0.000   0.000   0.000   0.000   0.000   0.000   0.000
   1.460    0.000    0.000   0.000   0.000   0.000   0.000   0.000   0.000   0.000   0.000
   1.480    0.000    0.000   0.000   0.000   0.000   0.000   0.000   0.000   0.000   0.000
   1.500    0.000    0.000   0.000   0.000   0.000   0.000   0.000   0.000   0.000   0.000
   1.520    0.000    0.000   0.000   0.000   0.000   0.000   0.000   0.000   0.000   0.000
   1.540    0.000    0.000   0.000   0.000   0.000   0.000   0.000   0.000   0.000   0.000
   1.560    0.000    0.000   0.000   0.000   0.000   0.000   0.000   0.000   0.000   0.000
   1.580    0.000    0.000   0.000   0.000   0.000   0.000   0.000   0.000   0.000   0.000
   1.600    0.000    0.000   0.000   0.000   0.000   0.000   0.000   0.000   0.000   0.000
   1.620    0.000    0.000   0.000   0.000   0.000   0.000   0.000   0.000   0.000   0.000
   1.640    0.000    0.000   0.000   0.000   0.000   0.000   0.000   0.000   0.000   0.000
   1.660    0.000    0.000   0.000   0.000   0.000   0.000   0.000   0.000   0.000   0.000
   1.680    0.000    0.000   0.000   0.000   0.000   0.000   0.000   0.000   0.000   0.000
   1.700    0.000    0.000   0.000   0.000   0.000   0.000   0.000   0.000   0.000   0.000
   1.720    0.000    0.000   0.000   0.000   0.000   0.000   0.000   0.000   0.000   0.000
   1.740    0.000    0.000   0.000   0.000   0.000   0.000   0.000   0.000   0.000   0.000
   1.760    0.000    0.000   0.000   0.000   0.000   0.000   0.000   0.000   0.000   0.000
   1.780    0.000    0.000   0.000   0.000   0.000   0.000   0.000   0.000   0.000   0.000
   1.800    0.000    0.000   0.000   0.000   0.000   0.000   0.000   0.000   0.000   0.000
   1.820    0.000    0.000   0.000   0.000   0.000   0.000   0.000   0.000   0.000   0.000
   1.840    0.000    0.000   0.000   0.000   0.000   0.000   0.000   0.000   0.000   0.000
   1.860    0.000    0.000   0.000   0.000   0.000   0.000   0.000   0.000   0.000   0.000
   1.880    0.001    0.000   0.000   0.000   0.000   0.000   0.000   0.000   0.000   0.000
   1.900    0.002    0.000   0.000   0.000   0.000   0.000   0.000   0.000   0.000   0.000
   1.920    0.011    0.000   0.000   0.000   0.000   0.000   0.000   0.000   0.019   0.000
   1.940    0.032    0.000   0.000   0.000   0.000   0.000   0.000   0.000   0.028   0.000
   1.960    0.106    0.000   0.000   0.000   0.000   0.000   0.000   0.000   0.116   0.000
   1.980    0.263    0.000   0.000   0.000   0.000   0.000   0.000   0.000   0.263   0.000
   2.000    0.613    0.000   0.000   0.001   0.000   0.000   0.000   0.000   0.598   0.000
   2.020    1.020    0.000   0.000   0.004   0.000   0.000   0.000   0.000   0.986   0.000
   2.040    1.589    0.000   0.000   0.006   0.000   0.000   0.000   0.000   1.644   0.000
   2.060    2.120    0.000   0.000   0.006   0.000   0.000   0.000   0.000   2.168   0.000
   2.080    2.456    0.000   0.000   0.006   0.000   0.000   0.000   0.000   2.351   0.000
   2.100    2.580    0.000   0.000   0.003   0.000   0.000   0.000   0.000   2.583   0.000
   2.120    2.274    0.000   0.000   0.004   0.000   0.000   0.000   0.000   2.210   0.000
   2.140    1.813    0.000   0.000   0.002   0.000   0.000   0.000   0.000   1.770   0.000
   2.160    1.396    0.000   0.000   0.000   0.000   0.000   0.000   0.000   1.457   0.000
   2.180    0.860    0.000   0.000   0.001   0.000   0.000   0.000   0.000   0.866   0.000
   2.200    0.511    0.000   0.000   0.001   0.000   0.000   0.000   0.000   0.542   0.000
   2.220    0.263    0.000   0.000   0.000   0.000   0.000   0.000   0.000   0.281   0.000
   2.240    0.121    0.000   0.000   0.000   0.000   0.000   0.000   0.000   0.117   0.000
   2.260    0.059    0.000   0.000   0.000   0.000   0.000   0.000   0.000   0.055   0.000
   2.280    0.023    0.000   0.000   0.000   0.000   0.000   0.000   0.000   0.027   0.000
   2.300    0.007    0.000   0.000   0.000   0.000   0.000   0.000   0.000   0.005   0.000
   2.320    0.004    0.000   0.000   0.000   0.000   0.000   0.000   0.000   0.006   0.000
   2.340    0.000    0.000   0.000   0.000   0.000   0.000   0.000   0.000   0.000   0.000
   2.360    0.000    0.000   0.000   0.000   0.000   0.000   0.000   0.000   0.000   0.000
   2.380    0.000    0.000   0.000   0.000   0.000   0.000   0.000   0.000   0.000   0.000
   2.400    0.000    0.000   0.000   0.000   0.000   0.000   0.000   0.000   0.000   0.000
   2.420    0.000    0.000   0.000   0.000   0.000   0.000   0.000   0.000   0.000   0.000
   2.440    0.000    0.000   0.000   0.000   0.000   0.000   0.000   0.000   0.000   0.000
   2.460    0.000    0.000   0.000   0.000   0.000   0.000   0.000   0.000   0.000   0.000
   2.480    0.000    0.000   0.000   0.000   0.000   0.000   0.000   0.000   0.000   0.000
   2.500    0.000    0.000   0.000   0.000   0.000   0.000   0.000   0.000   0.000   0.000
   2.520    0.000    0.000   0.000   0.000   0.000   0.000   0.000   0.000   0.000   0.000
   2.540    0.000    0.000   0.000   0.000   0.000   0.000   0.000   0.000   0.000   0.000
   2.560    0.001    0.000   0.000   0.000   0.000   0.000   0.000   0.001   0.000   0.000
   2.580    0.002    0.000   0.000   0.000   0.000   0.000   0.000   0.003   0.000   0.000
   2.600    0.003    0.000   0.000   0.000   0.000   0.000   0.000   0.000   0.000   0.000
   2.620    0.004    0.000   0.000   0.000   0.000   0.000   0.000   0.001   0.000   0.000
   2.640    0.009    0.000   0.000   0.000   0.000   0.000   0.000   0.010   0.000   0.000
   2.660    0.015    0.000   0.000   0.000   0.000   0.000   0.000   0.012   0.000   0.004
   2.680    0.032    0.000   0.000   0.000   0.000   0.000   0.000   0.036   0.000   0.006
   2.700    0.061    0.000   0.000   0.000   0.000   0.000   0.000   0.050   0.000   0.011
   2.720    0.115    0.000   0.000   0.000   0.000   0.000   0.000   0.079   0.000   0.022
   2.740    0.188    0.000   0.000   0.000   0.000   0.000   0.000   0.129   0.000   0.041
   2.760    0.309    0.000   0.000   0.000   0.000   0.000   0.000   0.215   0.000   0.093
   2.780    0.481    0.000   0.000   0.000   0.000   0.000   0.000   0.316   0.000   0.155
   2.800    0.712    0.000   0.000   0.000   0.000   0.000   0.000   0.425   0.000   0.274
   2.820    1.033    0.000   0.000   0.000   0.000   0.000   0.000   0.604   0.000   0.439
   2.840    1.448    0.000   0.000   0.000   0.000   0.000   0.000   0.766   0.000   0.682
   2.860    1.859    0.000   0.000   0.000   0.000   0.000   0.000   0.924   0.000   0.936
   2.880    2.369    0.000   0.000   0.000   0.000   0.000   0.000   1.093   0.000   1.268
   2.900    2.786    0.000   0.000   0.000   0.000   0.000   0.000   1.212   0.000   1.603
   2.920    3.189    0.000   0.000   0.000   0.000   0.000   0.000   1.327   0.000   1.847
   2.940    3.382    0.000   0.000   0.000   0.000   0.000   0.000   1.393   0.000   1.995
   2.960    3.558    0.000   0.000   0.000   0.000   0.000   0.000   1.413   0.000   2.110
   2.980    3.492    0.000   0.000   0.000   0.000   0.000   0.000   1.397   0.000   2.087
   3.000    3.191    0.000   0.000   0.000   0.000   0.000   0.000   1.313   0.000   1.881
   3.020    2.854    0.000   0.000   0.000   0.000   0.000   0.000   1.154   0.000   1.668
   3.040    2.380    0.000   0.000   0.000   0.000   0.000   0.000   1.046   0.000   1.361
   3.060    1.972    0.000   0.000   0.000   0.000   0.000   0.000   0.907   0.000   1.103
   3.080    1.494    0.000   0.000   0.000   0.000   0.000   0.000   0.689   0.000   0.803
   3.100    1.117    0.000   0.000   0.000   0.000   0.000   0.000   0.544   0.000   0.551
   3.120    0.778    0.000   0.000   0.000   0.000   0.000   0.000   0.436   0.000   0.350
   3.140    0.550    0.000   0.000   0.000   0.000   0.000   0.000   0.334   0.000   0.228
   3.160    0.365    0.000   0.000   0.000   0.000   0.000   0.000   0.209   0.000   0.135
   3.180    0.240    0.000   0.000   0.000   0.000   0.000   0.000   0.164   0.000   0.074
   3.200    0.157    0.000   0.000   0.000   0.000   0.000   0.000   0.115   0.000   0.043
   3.220    0.091    0.000   0.000   0.000   0.000   0.000   0.000   0.067   0.000   0.021
   3.240    0.051    0.000   0.000   0.000   0.000   0.000   0.000   0.041   0.000   0.010
   3.260    0.031    0.000   0.000   0.000   0.000   0.000   0.000   0.028   0.000   0.003
   3.280    0.018    0.000   0.000   0.000   0.000   0.000   0.000   0.015   0.000   0.004
   3.300    0.010    0.000   0.000   0.000   0.000   0.000   0.000   0.014   0.000   0.000
   3.320    0.005    0.000   0.000   0.000   0.000   0.000   0.000   0.007   0.000   0.000
   3.340    0.003    0.000   0.000   0.000   0.000   0.000   0.000   0.003   0.000   0.000
   3.360    0.002    0.000   0.000   0.000   0.000   0.000   0.000   0.002   0.000   0.000
   3.380    0.002    0.000   0.000   0.000   0.000   0.000   0.001   0.001   0.000   0.000
   3.400    0.003    0.000   0.000   0.000   0.000   0.000   0.002   0.000   0.000   0.000
   3.420    0.008    0.000   0.000   0.000   0.000   0.000   0.008   0.000   0.000   0.000
   3.440    0.022    0.000   0.000   0.000   0.000   0.000   0.022   0.000   0.000   0.000
   3.460    0.048    0.000   0.000   0.000   0.000   0.000   0.048   0.000   0.001   0.000
   3.480    0.108    0.000   0.000   0.000   0.000   0.000   0.106   0.005   0.001   0.000
   3.500    0.214    0.000   0.000   0.000   0.000   0.000   0.210   0.004   0.006   0.000
   3.520    0.377    0.000   0.000   0.000   0.000   0.000   0.372   0.009   0.007   0.000
   3.540    0.592    0.000   0.000   0.000   0.000   0.000   0.583   0.011   0.014   0.000
   3.560    0.840    0.000   0.000   0.000   0.000   0.000   0.826   0.018   0.022   0.000
   3.580    1.086    0.000   0.000   0.000   0.000   0.000   1.070   0.015   0.031   0.000
   3.600    1.276    0.000   0.000   0.000   0.000   0.000   1.257   0.018   0.036   0.000
   3.620    1.416    0.000   0.000   0.000   0.000   0.000   1.396   0.018   0.040   0.000
   3.640    1.370    0.000   0.000   0.000   0.000   0.000   1.355   0.010   0.034   0.000
   3.660    1.251    0.000   0.000   0.000   0.000   0.000   1.236   0.014   0.030   0.000
   3.680    1.071    0.000   0.000   0.000   0.000   0.000   1.057   0.013   0.027   0.000
   3.700    0.805    0.000   0.000   0.000   0.000   0.000   0.794   0.006   0.024   0.000
   3.720    0.579    0.000   0.000   0.000   0.000   0.000   0.574   0.002   0.013   0.000
   3.740    0.374    0.000   0.000   0.001   0.000   0.000   0.368   0.003   0.015   0.000
   3.760    0.232    0.000   0.000   0.000   0.000   0.000   0.229   0.001   0.006   0.000
   3.780    0.133    0.000   0.000   0.000   0.001   0.001   0.129   0.001   0.003   0.000
   3.800    0.070    0.000   0.000   0.001   0.002   0.001   0.066   0.000   0.001   0.000
   3.820    0.034    0.000   0.000   0.002   0.002   0.002   0.028   0.000   0.001   0.000
   3.840    0.024    0.000   0.000   0.004   0.004   0.003   0.013   0.000   0.000   0.000
   3.860    0.022    0.000   0.000   0.004   0.005   0.007   0.005   0.000   0.000   0.000
   3.880    0.023    0.000   0.000   0.006   0.008   0.007   0.002   0.000   0.000   0.000
   3.900    0.033    0.000   0.000   0.010   0.010   0.012   0.001   0.000   0.000   0.000
   3.920    0.044    0.001   0.000   0.014   0.015   0.014   0.000   0.000   0.000   0.000
   3.940    0.069    0.003   0.000   0.020   0.024   0.021   0.000   0.000   0.000   0.000
   3.960    0.092    0.006   0.000   0.030   0.027   0.029   0.000   0.000   0.000   0.000
   3.980    0.126    0.010   0.000   0.037   0.039   0.039   0.000   0.000   0.000   0.000
   4.000    0.176    0.021   0.001   0.048   0.052   0.053   0.000   0.000   0.000   0.000
   4.020    0.238    0.032   0.007   0.068   0.066   0.063   0.000   0.000   0.000   0.000
   4.040    0.310    0.053   0.020   0.078   0.078   0.080   0.001   0.000   0.000   0.000
   4.060    0.406    0.075   0.043   0.095   0.091   0.101   0.000   0.000   0.000   0.000
   4.080    0.555    0.106   0.096   0.113   0.117   0.123   0.001   0.000   0.000   0.000
   4.100    0.789    0.143   0.199   0.149   0.144   0.152   0.001   0.000   0.000   0.001
   4.120    1.105    0.183   0.344   0.188   0.197   0.192   0.001   0.000   0.000   0.002
   4.140    1.486    0.213   0.530   0.246   0.251   0.244   0.002   0.000   0.000   0.004
   4.160    1.816    0.228   0.675   0.308   0.295   0.309   0.001   0.000   0.000   0.005
   4.180    2.065    0.244   0.784   0.345   0.343   0.347   0.001   0.000   0.000   0.004
   4.200    2.114    0.248   0.812   0.346   0.352   0.354   0.001   0.000   0.000   0.004
   4.220    1.931    0.229   0.713   0.334   0.327   0.327   0.001   0.000   0.000   0.003
   4.240    1.583    0.208   0.564   0.275   0.268   0.267   0.001   0.000   0.000   0.002
   4.260    1.208    0.183   0.377   0.221   0.215   0.212   0.000   0.000   0.000   0.000
   4.280    0.871    0.141   0.240   0.163   0.162   0.164   0.000   0.000   0.000   0.000
   4.300    0.610    0.113   0.129   0.126   0.120   0.121   0.000   0.000   0.000   0.001
   4.320    0.438    0.076   0.065   0.099   0.096   0.102   0.000   0.000   0.000   0.000
   4.340    0.316    0.054   0.028   0.073   0.083   0.077   0.000   0.000   0.002   0.000
   4.360    0.230    0.035   0.011   0.058   0.060   0.063   0.000   0.000   0.005   0.000
   4.380    0.177    0.021   0.003   0.048   0.051   0.047   0.000   0.000   0.005   0.000
   4.400    0.146    0.013   0.001   0.038   0.040   0.040   0.000   0.000   0.015   0.000
   4.420    0.123    0.008   0.001   0.027   0.029   0.031   0.000   0.000   0.029   0.000
   4.440    0.123    0.004   0.000   0.021   0.021   0.019   0.000   0.000   0.058   0.000
   4.460    0.146    0.002   0.000   0.016   0.015   0.017   0.000   0.000   0.095   0.000
   4.480    0.201    0.001   0.000   0.011   0.008   0.011   0.000   0.000   0.175   0.002
   4.500    0.309    0.000   0.000   0.008   0.007   0.007   0.000   0.000   0.290   0.002
   4.520    0.451    0.000   0.000   0.005   0.005   0.005   0.000   0.000   0.423   0.003
   4.540    0.665    0.000   0.000   0.004   0.004   0.004   0.000   0.000   0.642   0.004
   4.560    0.939    0.000   0.000   0.004   0.002   0.003   0.000   0.000   0.917   0.008
   4.580    1.246    0.000   0.000   0.002   0.002   0.001   0.000   0.000   1.218   0.010
   4.600    1.587    0.000   0.000   0.003   0.001   0.000   0.000   0.000   1.575   0.011
   4.620    1.929    0.000   0.000   0.002   0.001   0.000   0.000   0.000   1.896   0.011
   4.640    2.223    0.000   0.000   0.003   0.000   0.000   0.000   0.000   2.178   0.012
   4.660    2.456    0.000   0.000   0.003   0.000   0.000   0.000   0.000   2.465   0.013
   4.680    2.548    0.000   0.000   0.003   0.000   0.000   0.000   0.000   2.555   0.023
   4.700    2.531    0.000   0.000   0.002   0.000   0.000   0.000   0.000   2.528   0.019
   4.720    2.394    0.000   0.000   0.003   0.000   0.000   0.000   0.000   2.374   0.022
   4.740    2.113    0.000   0.000   0.002   0.000   0.000   0.000   0.000   2.094   0.016
   4.760    1.824    0.000   0.000   0.002   0.000   0.000   0.000   0.000   1.799   0.020
   4.780    1.484    0.000   0.000   0.001   0.000   0.000   0.000   0.000   1.455   0.018
   4.800    1.165    0.000   0.000   0.001   0.000   0.000   0.000   0.001   1.136   0.019
   4.820    0.843    0.000   0.000   0.001   0.000   0.000   0.000   0.002   0.801   0.033
   4.840    0.641    0.000   0.000   0.000   0.000   0.000   0.000   0.004   0.594   0.049
   4.860    0.459    0.000   0.000   0.000   0.000   0.000   0.000   0.007   0.381   0.069
   4.880    0.382    0.000   0.000   0.000   0.000   0.000   0.000   0.016   0.252   0.106
   4.900    0.338    0.000   0.000   0.000   0.000   0.000   0.000   0.037   0.150   0.155
   4.920    0.368    0.000   0.000   0.000   0.000   0.000   0.000   0.060   0.088   0.207
   4.940    0.469    0.000   0.000   0.000   0.000   0.000   0.000   0.113   0.051   0.299
   4.960    0.619    0.000   0.000   0.000   0.000   0.000   0.000   0.195   0.024   0.400
   4.980    0.837    0.000   0.000   0.000   0.000   0.000   0.000   0.299   0.016   0.500
   5.000    1.112    0.000   0.000   0.000   0.000   0.000   0.000   0.447   0.010   0.647
   5.020    1.420    0.000   0.000   0.000   0.000   0.000   0.000   0.601   0.006   0.789
   5.040    1.775    0.000   0.000   0.000   0.000   0.000   0.000   0.806   0.005   0.911
   5.060    2.135    0.000   0.000   0.000   0.000   0.000   0.000   1.019   0.008   1.058
   5.080    2.425    0.000   0.000   0.000   0.000   0.000   0.000   1.217   0.008   1.172
   5.100    2.661    0.000   0.000   0.000   0.000   0.000   0.000   1.358   0.008   1.223
   5.120    2.806    0.000   0.000   0.000   0.000   0.000   0.000   1.472   0.009   1.296
   5.140    2.848    0.000   0.000   0.000   0.000   0.000   0.000   1.511   0.007   1.310
   5.160    2.730    0.000   0.000   0.000   0.000   0.000   0.000   1.399   0.006   1.252
   5.180    2.520    0.000   0.000   0.000   0.000   0.000   0.000   1.297   0.005   1.173
   5.200    2.237    0.000   0.000   0.000   0.000   0.000   0.000   1.129   0.005   1.059
   5.220    1.910    0.000   0.000   0.000   0.000   0.000   0.000   0.922   0.003   0.960
   5.240    1.559    0.000   0.000   0.000   0.000   0.000   0.000   0.722   0.002   0.823
   5.260    1.219    0.000   0.000   0.000   0.000   0.000   0.000   0.521   0.002   0.699
   5.280    0.937    0.000   0.000   0.000   0.000   0.000   0.000   0.349   0.000   0.570
   5.300    0.667    0.000   0.000   0.000   0.000   0.000   0.000   0.234   0.001   0.422
   5.320    0.486    0.000   0.000   0.000   0.000   0.000   0.000   0.151   0.000   0.317
   5.340    0.342    0.000   0.000   0.000   0.000   0.000   0.000   0.089   0.000   0.247
   5.360    0.223    0.000   0.000   0.000   0.000   0.000   0.000   0.048   0.000   0.173
   5.380    0.150    0.000   0.000   0.000   0.000   0.000   0.000   0.028   0.000   0.113
   5.400    0.098    0.000   0.000   0.000   0.000   0.000   0.000   0.014   0.000   0.079
   5.420    0.059    0.000   0.000   0.000   0.000   0.000   0.000   0.007   0.000   0.053
   5.440    0.035    0.000   0.000   0.000   0.000   0.000   0.000   0.002   0.000   0.034
   5.460    0.022    0.000   0.000   0.000   0.000   0.000   0.000   0.001   0.000   0.021
   5.480    0.013    0.000   0.000   0.000   0.000   0.000   0.000   0.001   0.000   0.012
   5.500    0.007    0.000   0.000   0.000   0.000   0.000   0.000   0.000   0.000   0.005
   5.520    0.005    0.000   0.000   0.000   0.000   0.000   0.000   0.000   0.000   0.003
   5.540    0.003    0.000   0.000   0.000   0.000   0.001   0.000   0.000   0.000   0.002
   5.560    0.003    0.000   0.000   0.001   0.001   0.001   0.000   0.000   0.000   0.001
   5.580    0.004    0.000   0.000   0.001   0.001   0.001   0.000   0.000   0.000   0.001
   5.600    0.008    0.000   0.000   0.002   0.002   0.003   0.000   0.000   0.000   0.000
   5.620    0.011    0.001   0.000   0.003   0.003   0.004   0.000   0.000   0.000   0.000
   5.640    0.021    0.001   0.000   0.006   0.006   0.007   0.000   0.000   0.000   0.000
   5.660    0.030    0.003   0.000   0.010   0.008   0.009   0.000   0.000   0.000   0.000
   5.680    0.047    0.004   0.000   0.014   0.014   0.014   0.000   0.000   0.000   0.000
   5.700    0.076    0.007   0.001   0.023   0.022   0.023   0.000   0.000   0.000   0.000
   5.720    0.119    0.014   0.002   0.034   0.034   0.035   0.000   0.000   0.000   0.000
   5.740    0.172    0.022   0.006   0.046   0.047   0.050   0.001   0.000   0.000   0.001
   5.760    0.256    0.038   0.016   0.067   0.068   0.066   0.001   0.000   0.000   0.001
   5.780    0.374    0.057   0.040   0.091   0.092   0.094   0.001   0.000   0.000   0.002
   5.800    0.523    0.080   0.074   0.121   0.120   0.126   0.001   0.000   0.000   0.002
   5.820    0.712    0.111   0.137   0.152   0.151   0.160   0.001   0.000   0.000   0.002
   5.840    0.940    0.140   0.241   0.183   0.184   0.189   0.002   0.000   0.000   0.004
   5.860    1.209    0.172   0.369   0.220   0.221   0.223   0.002   0.000   0.000   0.004
   5.880    1.474    0.207   0.512   0.252   0.246   0.253   0.002   0.000   0.000   0.004
   5.900    1.673    0.224   0.626   0.274   0.275   0.270   0.002   0.000   0.001   0.005
   5.920    1.782    0.231   0.701   0.279   0.281   0.285   0.002   0.000   0.000   0.005
   5.940    1.776    0.231   0.707   0.277   0.273   0.283   0.002   0.000   0.001   0.004
   5.960    1.668    0.217   0.634   0.277   0.272   0.264   0.001   0.000   0.001   0.004
   5.980    1.452    0.194   0.512   0.242   0.243   0.253   0.001   0.000   0.003   0.003
   6.000    1.201    0.169   0.370   0.220   0.214   0.216   0.001   0.000   0.009   0.003
   6.020    0.955    0.137   0.244   0.185   0.182   0.185   0.001   0.000   0.021   0.003
   6.040    0.736    0.106   0.151   0.144   0.149   0.150   0.000   0.000   0.035   0.002
   6.060    0.572    0.079   0.080   0.113   0.120   0.118   0.000   0.000   0.061   0.002
   6.080    0.467    0.054   0.037   0.087   0.090   0.089   0.000   0.000   0.108   0.002
   6.100    0.429    0.035   0.016   0.065   0.066   0.069   0.000   0.000   0.179   0.002
   6.120    0.433    0.024   0.008   0.048   0.045   0.048   0.000   0.000   0.257   0.001
   6.140    0.516    0.014   0.002   0.034   0.033   0.033   0.000   0.000   0.393   0.002
   6.160    0.637    0.007   0.001   0.023   0.020   0.023   0.000   0.000   0.556   0.004
   6.180    0.826    0.004   0.000   0.014   0.016   0.014   0.000   0.000   0.760   0.006
   6.200    1.054    0.003   0.000   0.009   0.009   0.009   0.000   0.000   1.023   0.005
   6.220    1.307    0.001   0.000   0.008   0.005   0.005   0.000   0.000   1.277   0.007
   6.240    1.531    0.000   0.000   0.004   0.003   0.004   0.000   0.001   1.518   0.008
   6.260    1.723    0.000   0.000   0.004   0.002   0.002   0.000   0.003   1.718   0.011
   6.280    1.803    0.000   0.000   0.002   0.001   0.001   0.000   0.004   1.781   0.011
   6.300    1.797    0.000   0.000   0.002   0.001   0.001   0.000   0.006   1.750   0.013
   6.320    1.698    0.000   0.000   0.001   0.001   0.001   0.000   0.011   1.696   0.015
   6.340    1.518    0.000   0.000   0.001   0.000   0.001   0.000   0.022   1.484   0.015
   6.360    1.299    0.000   0.000   0.001   0.000   0.000   0.000   0.034   1.261   0.030
   6.380    1.083    0.000   0.000   0.001   0.000   0.000   0.000   0.046   0.997   0.042
   6.400    0.903    0.000   0.000   0.001   0.000   0.000   0.000   0.077   0.745   0.063
   6.420    0.761    0.000   0.000   0.000   0.000   0.000   0.000   0.113   0.564   0.092
   6.440    0.672    0.000   0.000   0.000   0.000   0.000   0.000   0.155   0.373   0.129
   6.460    0.681    0.000   0.000   0.000   0.000   0.000   0.000   0.213   0.251   0.197
   6.480    0.730    0.000   0.000   0.000   0.000   0.000   0.000   0.285   0.166   0.288
   6.500    0.844    0.000   0.000   0.000   0.000   0.000   0.000   0.360   0.102   0.389
   6.520    0.984    0.000   0.000   0.000   0.000   0.000   0.000   0.421   0.065   0.495
   6.540    1.160    0.000   0.000   0.000   0.000   0.000   0.000   0.510   0.035   0.617
   6.560    1.323    0.000   0.000   0.000   0.000   0.000   0.000   0.576   0.021   0.733
   6.580    1.484    0.000   0.000   0.000   0.000   0.000   0.000   0.647   0.010   0.851
   6.600    1.587    0.000   0.000   0.000   0.000   0.000   0.000   0.683   0.006   0.893
   6.620    1.650    0.000   0.000   0.000   0.000   0.000   0.000   0.700   0.003   0.951
   6.640    1.666    0.000   0.000   0.000   0.000   0.000   0.000   0.721   0.001   0.968
   6.660    1.588    0.000   0.000   0.000   0.000   0.000   0.001   0.679   0.000   0.916
   6.680    1.463    0.000   0.000   0.000   0.000   0.000   0.002   0.641   0.000   0.848
   6.700    1.310    0.000   0.000   0.000   0.000   0.000   0.005   0.565   0.000   0.752
   6.720    1.114    0.000   0.000   0.000   0.000   0.000   0.010   0.491   0.000   0.617
   6.740    0.934    0.000   0.000   0.000   0.000   0.000   0.025   0.422   0.001   0.509
   6.760    0.759    0.000   0.000   0.000   0.000   0.000   0.047   0.323   0.001   0.377
   6.780    0.637    0.000   0.000   0.000   0.000   0.000   0.088   0.266   0.001   0.279
   6.800    0.551    0.000   0.000   0.000   0.000   0.000   0.154   0.197   0.003   0.200
   6.820    0.543    0.000   0.000   0.000   0.000   0.000   0.255   0.144   0.005   0.136
   6.840    0.577    0.000   0.000   0.000   0.000   0.000   0.383   0.101   0.007   0.092
   6.860    0.669    0.000   0.000   0.000   0.000   0.000   0.539   0.073   0.013   0.055
   6.880    0.802    0.000   0.000   0.000   0.000   0.000   0.715   0.053   0.016   0.030
   6.900    0.931    0.000   0.000   0.000   0.000   0.000   0.871   0.043   0.017   0.019
   6.920    1.066    0.000   0.000   0.000   0.001   0.001   1.027   0.027   0.021   0.009
   6.940    1.116    0.000   0.000   0.001   0.001   0.001   1.089   0.016   0.020   0.006
   6.960    1.123    0.000   0.000   0.002   0.002   0.002   1.098   0.015   0.023   0.002
   6.980    1.068    0.001   0.000   0.003   0.003   0.003   1.045   0.011   0.020   0.001
   7.000    0.951    0.001   0.000   0.005   0.005   0.005   0.925   0.008   0.021   0.001
   7.020    0.800    0.002   0.000   0.008   0.008   0.009   0.765   0.006   0.015   0.001
   7.040    0.649    0.004   0.001   0.013   0.012   0.012   0.601   0.004   0.012   0.001
   7.060    0.487    0.007   0.001   0.018   0.017   0.019   0.421   0.002   0.009   0.001
   7.080    0.384    0.011   0.003   0.027   0.024   0.026   0.290   0.002   0.005   0.001
   7.100    0.318    0.019   0.008   0.034   0.036   0.036   0.184   0.001   0.004   0.001
   7.120    0.299    0.026   0.022   0.047   0.046   0.046   0.110   0.000   0.003   0.002
   7.140    0.322    0.038   0.040   0.060   0.058   0.062   0.062   0.000   0.001   0.002
   7.160    0.368    0.050   0.072   0.070   0.072   0.072   0.032   0.000   0.000   0.002
   7.180    0.459    0.067   0.119   0.086   0.084   0.088   0.016   0.000   0.001   0.002
   7.200    0.566    0.081   0.183   0.097   0.096   0.100   0.008   0.000   0.000   0.003
   7.220    0.651    0.090   0.241   0.103   0.105   0.108   0.004   0.000   0.000   0.004
   7.240    0.716    0.097   0.278   0.113   0.111   0.115   0.003   0.000   0.000   0.002
   7.260    0.762    0.102   0.311   0.114   0.115   0.118   0.002   0.000   0.000   0.002
   7.280    0.728    0.098   0.295   0.109   0.107   0.115   0.001   0.000   0.000   0.003
   7.300    0.674    0.094   0.252   0.110   0.105   0.109   0.001   0.000   0.003   0.002
   7.320    0.587    0.081   0.204   0.098   0.097   0.101   0.001   0.000   0.005   0.002
   7.340    0.483    0.068   0.138   0.086   0.088   0.086   0.001   0.000   0.016   0.002
   7.360    0.394    0.053   0.087   0.077   0.074   0.073   0.001   0.000   0.031   0.001
   7.380    0.344    0.041   0.053   0.060   0.064   0.061   0.000   0.000   0.064   0.000
   7.400    0.317    0.029   0.026   0.048   0.050   0.049   0.000   0.000   0.107   0.001
   7.420    0.341    0.020   0.011   0.038   0.037   0.039   0.000   0.000   0.189   0.001
   7.440    0.419    0.013   0.005   0.027   0.028   0.030   0.000   0.000   0.316   0.001
   7.460    0.536    0.009   0.002   0.019   0.020   0.019   0.000   0.000   0.467   0.001
   7.480    0.702    0.005   0.001   0.013   0.013   0.015   0.000   0.001   0.654   0.003
   7.500    0.848    0.002   0.000   0.009   0.009   0.010   0.000   0.003   0.823   0.005
   7.520    1.024    0.001   0.000   0.005   0.006   0.006   0.000   0.004   1.002   0.011
   7.540    1.146    0.001   0.000   0.003   0.003   0.004   0.000   0.010   1.112   0.016
   7.560    1.188    0.000   0.000   0.002   0.002   0.002   0.000   0.021   1.130   0.026
   7.580    1.179    0.000   0.000   0.001   0.002   0.001   0.000   0.030   1.116   0.046
   7.600    1.111    0.000   0.000   0.001   0.001   0.001   0.000   0.051   1.004   0.073
   7.620    1.029    0.000   0.000   0.000   0.000   0.000   0.000   0.082   0.836   0.119
   7.640    0.960    0.000   0.000   0.000   0.000   0.000   0.000   0.137   0.654   0.172
   7.660    0.910    0.000   0.000   0.000   0.000   0.000   0.000   0.188   0.485   0.247
   7.680    0.946    0.000   0.000   0.000   0.000   0.000   0.000   0.278   0.317   0.337
   7.700    1.046    0.000   0.000   0.000   0.000   0.000   0.000   0.376   0.203   0.465
   7.720    1.210    0.000   0.000   0.000   0.000   0.000   0.000   0.492   0.116   0.586
   7.740    1.419    0.000   0.000   0.000   0.000   0.000   0.000   0.620   0.068   0.730
   7.760    1.661    0.000   0.000   0.000   0.000   0.000   0.000   0.744   0.039   0.871
   7.780    1.884    0.000   0.000   0.000   0.000   0.000   0.000   0.868   0.022   0.990
   7.800    2.090    0.000   0.000   0.000   0.000   0.000   0.000   0.984   0.012   1.092
   7.820    2.214    0.000   0.000   0.000   0.000   0.000   0.000   1.043   0.009   1.154
   7.840    2.268    0.000   0.000   0.000   0.000   0.000   0.000   1.065   0.006   1.177
   7.860    2.238    0.000   0.000   0.000   0.000   0.000   0.000   1.043   0.006   1.169
   7.880    2.137    0.000   0.000   0.000   0.000   0.000   0.000   1.012   0.005   1.104
   7.900    1.952    0.000   0.000   0.000   0.000   0.000   0.000   0.912   0.003   1.017
   7.920    1.722    0.000   0.000   0.000   0.000   0.000   0.000   0.787   0.003   0.914
   7.940    1.467    0.000   0.000   0.000   0.000   0.000   0.000   0.670   0.003   0.778
   7.960    1.199    0.000   0.000   0.000   0.000   0.000   0.000   0.543   0.003   0.654
   7.980    0.944    0.000   0.000   0.000   0.000   0.000   0.000   0.426   0.002   0.506
   8.000    0.713    0.000   0.000   0.000   0.000   0.000   0.000   0.316   0.001   0.388
   8.020    0.520    0.000   0.000   0.000   0.000   0.001   0.000   0.216   0.001   0.288
   8.040    0.367    0.000   0.000   0.001   0.001   0.001   0.000   0.152   0.001   0.207
   8.060    0.251    0.000   0.000   0.001   0.001   0.001   0.000   0.100   0.000   0.143
   8.080    0.171    0.000   0.000   0.002   0.002   0.002   0.000   0.066   0.000   0.097
   8.100    0.110    0.000   0.000   0.003   0.002   0.003   0.000   0.037   0.000   0.062
   8.120    0.073    0.001   0.000   0.004   0.005   0.004   0.000   0.022   0.000   0.038
   8.140    0.053    0.001   0.000   0.005   0.005   0.005   0.000   0.013   0.000   0.022
   8.160    0.044    0.002   0.000   0.007   0.007   0.007   0.000   0.007   0.000   0.013
   8.180    0.044    0.004   0.001   0.010   0.009   0.010   0.000   0.003   0.000   0.006
   8.200    0.052    0.007   0.002   0.012   0.013   0.013   0.000   0.002   0.000   0.003
   8.220    0.067    0.010   0.005   0.016   0.016   0.017   0.000   0.001   0.000   0.001
   8.240    0.090    0.016   0.011   0.020   0.021   0.020   0.000   0.000   0.000   0.001
   8.260    0.121    0.022   0.021   0.025   0.026   0.026   0.000   0.000   0.000   0.000
   8.280    0.171    0.030   0.040   0.033   0.033   0.033   0.000   0.000   0.001   0.000
   8.300    0.234    0.036   0.066   0.044   0.042   0.043   0.000   0.000   0.001   0.000
   8.320    0.310    0.044   0.098   0.055   0.053   0.057   0.000   0.000   0.003   0.000
   8.340    0.386    0.050   0.135   0.066   0.066   0.065   0.000   0.000   0.006   0.000
   8.360    0.453    0.056   0.161   0.074   0.075   0.076   0.000   0.000   0.010   0.000
   8.380    0.490    0.057   0.176   0.080   0.080   0.078   0.000   0.000   0.016   0.000
   8.400    0.498    0.056   0.171   0.079   0.079   0.078   0.000   0.000   0.035   0.000
   8.420    0.494    0.052   0.155   0.076   0.075   0.073   0.000   0.000   0.063   0.001
   8.440    0.463    0.048   0.123   0.061   0.063   0.062   0.000   0.000   0.110   0.001
   8.460    0.448    0.041   0.089   0.050   0.052   0.050   0.000   0.000   0.155   0.001
   8.480    0.469    0.032   0.057   0.039   0.041   0.041   0.000   0.000   0.255   0.002
   8.500    0.540    0.027   0.034   0.032   0.031   0.031   0.000   0.000   0.376   0.003
   8.520    0.641    0.019   0.020   0.025   0.024   0.026   0.000   0.000   0.507   0.004
   8.540    0.802    0.013   0.010   0.020   0.017   0.020   0.000   0.001   0.719   0.008
   8.560    0.978    0.009   0.004   0.014   0.014   0.015   0.000   0.001   0.909   0.010
   8.580    1.161    0.006   0.002   0.011   0.010   0.011   0.000   0.003   1.093   0.017
   8.600    1.334    0.004   0.001   0.009   0.008   0.008   0.000   0.005   1.271   0.026
   8.620    1.460    0.002   0.001   0.007   0.006   0.006   0.000   0.009   1.388   0.034
   8.640    1.535    0.001   0.000   0.005   0.004   0.004   0.000   0.016   1.454   0.049
   8.660    1.553    0.001   0.000   0.003   0.003   0.003   0.000   0.026   1.435   0.077
   8.680    1.496    0.000   0.000   0.002   0.002   0.003   0.000   0.043   1.339   0.104
   8.700    1.406    0.000   0.000   0.002   0.001   0.001   0.000   0.067   1.172   0.143
   8.720    1.303    0.000   0.000   0.002   0.001   0.001   0.000   0.099   1.010   0.182
   8.740    1.207    0.000   0.000   0.001   0.001   0.000   0.000   0.153   0.800   0.244
   8.760    1.154    0.000   0.000   0.001   0.000   0.000   0.000   0.217   0.610   0.300
   8.780    1.128    0.000   0.000   0.000   0.000   0.000   0.000   0.305   0.445   0.370
   8.800    1.153    0.000   0.000   0.000   0.000   0.000   0.000   0.385   0.298   0.444
   8.820    1.214    0.000   0.000   0.000   0.000   0.000   0.000   0.489   0.200   0.512
   8.840    1.294    0.000   0.000   0.000   0.000   0.000   0.000   0.581   0.125   0.560
   8.860    1.354    0.000   0.000   0.000   0.000   0.000   0.001   0.646   0.079   0.612
   8.880    1.404    0.000   0.000   0.000   0.000   0.000   0.003   0.700   0.048   0.645
   8.900    1.402    0.000   0.000   0.000   0.000   0.000   0.006   0.713   0.025   0.650
   8.920    1.348    0.000   0.000   0.000   0.000   0.000   0.012   0.676   0.014   0.627
   8.940    1.258    0.000   0.000   0.000   0.000   0.000   0.025   0.616   0.007   0.590
   8.960    1.133    0.000   0.000   0.000   0.000   0.001   0.044   0.538   0.004   0.532
   8.980    1.010    0.000   0.000   0.001   0.000   0.000   0.075   0.452   0.002   0.481
   9.000    0.891    0.000   0.000   0.001   0.001   0.001   0.128   0.349   0.002   0.401
   9.020    0.805    0.000   0.000   0.001   0.001   0.001   0.194   0.265   0.002   0.331
   9.040    0.746    0.000   0.000   0.002   0.002   0.002   0.274   0.192   0.003   0.261
   9.060    0.733    0.000   0.000   0.004   0.003   0.004   0.372   0.130   0.004   0.209
   9.080    0.736    0.001   0.000   0.006   0.005   0.006   0.468   0.087   0.004   0.154
   9.100    0.749    0.002   0.000   0.008   0.008   0.009   0.545   0.057   0.005   0.115
   9.120    0.769    0.003   0.000   0.012   0.012   0.013   0.604   0.037   0.006   0.083
   9.140    0.770    0.007   0.001   0.018   0.018   0.019   0.622   0.024   0.007   0.057
   9.160    0.736    0.011   0.002   0.024   0.025   0.026   0.592   0.014   0.007   0.040
   9.180    0.703    0.017   0.005   0.035   0.035   0.036   0.539   0.008   0.007   0.025
   9.200    0.668    0.026   0.013   0.046   0.050   0.051   0.459   0.006   0.005   0.017
   9.220    0.640    0.043   0.028   0.064   0.065   0.068   0.357   0.004   0.005   0.010
   9.240    0.643    0.057   0.053   0.085   0.085   0.088   0.267   0.002   0.002   0.008
   9.260    0.692    0.079   0.102   0.106   0.104   0.107   0.186   0.001   0.003   0.005
   9.280    0.802    0.099   0.171   0.131   0.132   0.138   0.123   0.000   0.005   0.004
   9.300    0.943    0.125   0.259   0.159   0.156   0.160   0.077   0.000   0.008   0.002
   9.320    1.112    0.148   0.356   0.184   0.179   0.185   0.045   0.000   0.012   0.002
   9.340    1.273    0.164   0.449   0.204   0.204   0.208   0.023   0.000   0.022   0.003
   9.360    1.389    0.174   0.512   0.216   0.216   0.218   0.012   0.000   0.038   0.002
   9.380    1.432    0.176   0.535   0.215   0.218   0.215   0.007   0.000   0.067   0.002
   9.400    1.408    0.169   0.497   0.212   0.210   0.212   0.003   0.000   0.103   0.002
   9.420    1.333    0.158   0.419   0.197   0.198   0.198   0.002   0.000   0.160   0.002
   9.440    1.234    0.140   0.331   0.175   0.176   0.177   0.001   0.000   0.229   0.004
   9.460    1.135    0.115   0.233   0.150   0.152   0.154   0.001   0.000   0.329   0.004
   9.480    1.064    0.091   0.152   0.127   0.126   0.121   0.000   0.001   0.438   0.005
   9.500    1.032    0.071   0.086   0.100   0.098   0.103   0.000   0.002   0.556   0.007
   9.520    1.029    0.049   0.046   0.075   0.075   0.075   0.000   0.003   0.692   0.008
   9.540    1.081    0.035   0.022   0.059   0.060   0.060   0.000   0.006   0.814   0.013
   9.560    1.125    0.023   0.012   0.044   0.041   0.043   0.000   0.010   0.928   0.019
   9.580    1.154    0.015   0.005   0.030   0.030   0.032   0.000   0.013   1.003   0.023
   9.600    1.196    0.008   0.002   0.023   0.022   0.023   0.000   0.025   1.051   0.035
   9.620    1.184    0.005   0.000   0.016   0.016   0.016   0.000   0.037   1.023   0.050
   9.640    1.151    0.003   0.000   0.011   0.011   0.011   0.000   0.058   0.973   0.072
   9.660    1.111    0.002   0.000   0.008   0.007   0.007   0.000   0.075   0.904   0.094
   9.680    1.058    0.001   0.000   0.005   0.004   0.005   0.000   0.108   0.793   0.132
   9.700    0.982    0.000   0.000   0.003   0.003   0.003   0.000   0.137   0.657   0.162
   9.720    0.931    0.000   0.000   0.002   0.002   0.002   0.000   0.179   0.529   0.213
   9.740    0.888    0.000   0.000   0.001   0.001   0.001   0.000   0.214   0.415   0.251
   9.760    0.852    0.000   0.000   0.001   0.000   0.001   0.000   0.246   0.300   0.296
   9.780    0.828    0.000   0.000   0.001   0.000   0.000   0.000   0.272   0.215   0.334
   9.800    0.802    0.000   0.000   0.000   0.000   0.000   0.000   0.292   0.144   0.359
   9.820    0.788    0.000   0.000   0.000   0.000   0.000   0.000   0.321   0.097   0.381
   9.840    0.753    0.000   0.000   0.000   0.000   0.000   0.000   0.314   0.059   0.381
   9.860    0.717    0.000   0.000   0.000   0.000   0.000   0.000   0.312   0.035   0.365
   9.880    0.649    0.000   0.000   0.000   0.000   0.000   0.000   0.287   0.021   0.342
   9.900    0.580    0.000   0.000   0.001   0.000   0.001   0.000   0.260   0.012   0.313
   9.920    0.501    0.000   0.000   0.001   0.001   0.001   0.000   0.218   0.007   0.270
   9.940    0.420    0.000   0.000   0.002   0.001   0.002   0.000   0.187   0.003   0.223
   9.960    0.342    0.001   0.000   0.002   0.002   0.003   0.000   0.145   0.002   0.181
   9.980    0.270    0.001   0.000   0.004   0.004   0.005   0.000   0.116   0.001   0.145
  10.000    0.213    0.001   0.000   0.007   0.007   0.008   0.000   0.084   0.001   0.104
  10.020    0.173    0.003   0.000   0.010   0.010   0.011   0.000   0.063   0.000   0.073
  10.040    0.149    0.006   0.001   0.017   0.015   0.016   0.000   0.042   0.000   0.053
  10.060    0.140    0.010   0.002   0.022   0.021   0.023   0.000   0.031   0.000   0.032
  10.080    0.157    0.016   0.005   0.031   0.032   0.033   0.000   0.017   0.000   0.022
  10.100    0.193    0.023   0.012   0.044   0.043   0.045   0.000   0.012   0.000   0.015
  10.120    0.251    0.035   0.026   0.058   0.057   0.060   0.000   0.006   0.000   0.009
  10.140    0.340    0.052   0.052   0.076   0.074   0.077   0.000   0.003   0.000   0.006
  10.160    0.446    0.067   0.091   0.094   0.092   0.096   0.001   0.002   0.000   0.005
  10.180    0.582    0.086   0.149   0.113   0.112   0.116   0.001   0.001   0.001   0.004
  10.200    0.740    0.105   0.231   0.133   0.131   0.136   0.001   0.001   0.002   0.002
  10.220    0.886    0.120   0.310   0.146   0.150   0.153   0.001   0.001   0.006   0.002
  10.240    1.010    0.136   0.377   0.160   0.162   0.163   0.001   0.000   0.010   0.002
  10.260    1.090    0.142   0.420   0.170   0.169   0.169   0.002   0.000   0.017   0.003
  10.280    1.119    0.143   0.428   0.169   0.171   0.172   0.001   0.000   0.036   0.004
  10.300    1.077    0.136   0.388   0.162   0.164   0.166   0.001   0.001   0.058   0.004
  10.320    1.000    0.123   0.325   0.151   0.149   0.155   0.001   0.001   0.090   0.004
  10.340    0.907    0.107   0.242   0.135   0.134   0.137   0.001   0.002   0.140   0.007
  10.360    0.831    0.088   0.166   0.116   0.116   0.120   0.001   0.003   0.212   0.010
  10.380    0.776    0.068   0.107   0.096   0.097   0.097   0.000   0.006   0.287   0.016
  10.400    0.772    0.052   0.060   0.077   0.077   0.079   0.000   0.011   0.387   0.026
  10.420    0.793    0.037   0.031   0.061   0.060   0.063   0.000   0.018   0.487   0.041
  10.440    0.847    0.026   0.014   0.045   0.044   0.048   0.000   0.031   0.581   0.062
  10.460    0.909    0.017   0.006   0.033   0.034   0.034   0.000   0.052   0.642   0.093
  10.480    0.971    0.009   0.003   0.024   0.024   0.025   0.000   0.082   0.671   0.137
  10.500    1.030    0.006   0.001   0.016   0.016   0.017   0.000   0.127   0.660   0.190
  10.520    1.083    0.004   0.000   0.010   0.011   0.012   0.000   0.179   0.605   0.256
  10.540    1.148    0.002   0.000   0.008   0.007   0.007   0.000   0.257   0.523   0.338
  10.560    1.225    0.001   0.000   0.004   0.005   0.005   0.000   0.351   0.424   0.423
  10.580    1.333    0.000   0.000   0.003   0.003   0.003   0.000   0.453   0.330   0.531
  10.600    1.451    0.000   0.000   0.002   0.002   0.002   0.001   0.567   0.243   0.628
  10.620    1.594    0.000   0.000   0.001   0.001   0.001   0.001   0.674   0.171   0.729
  10.640    1.712    0.000   0.000   0.000   0.001   0.001   0.003   0.763   0.107   0.814
  10.660    1.818    0.000   0.000   0.000   0.000   0.000   0.008   0.832   0.072   0.874
  10.680    1.871    0.000   0.000   0.000   0.000   0.000   0.015   0.878   0.041   0.912
  10.700    1.857    0.000   0.000   0.000   0.000   0.000   0.027   0.884   0.024   0.910
  10.720    1.799    0.000   0.000   0.000   0.000   0.000   0.047   0.849   0.013   0.874
  10.740    1.698    0.000   0.000   0.000   0.000   0.000   0.085   0.773   0.008   0.826
  10.760    1.572    0.000   0.000   0.000   0.000   0.000   0.133   0.686   0.005   0.743
  10.780    1.434    0.000   0.000   0.000   0.000   0.000   0.202   0.579   0.004   0.643
  10.800    1.291    0.000   0.000   0.000   0.000   0.000   0.281   0.462   0.004   0.539
  10.820    1.178    0.000   0.000   0.000   0.000   0.000   0.368   0.359   0.005   0.434
  10.840    1.071    0.000   0.000   0.000   0.000   0.000   0.448   0.269   0.008   0.348
  10.860    0.981    0.000   0.000   0.000   0.000   0.000   0.521   0.189   0.008   0.257
  10.880    0.896    0.000   0.000   0.000   0.000   0.000   0.562   0.130   0.008   0.195
  10.900    0.804    0.000   0.000   0.000   0.000   0.000   0.569   0.090   0.008   0.138
  10.920    0.697    0.000   0.000   0.000   0.000   0.000   0.540   0.056   0.008   0.096
  10.940    0.593    0.000   0.000   0.000   0.000   0.000   0.487   0.038   0.009   0.066
  10.960    0.474    0.000   0.000   0.000   0.000   0.000   0.406   0.023   0.007   0.042
  10.980    0.360    0.000   0.000   0.000   0.000   0.000   0.318   0.013   0.006   0.026
  11.000    0.269    0.000   0.000   0.000   0.000   0.000   0.239   0.008   0.008   0.016
  11.020    0.189    0.000   0.000   0.000   0.000   0.000   0.167   0.004   0.010   0.009
  11.040    0.131    0.000   0.000   0.000   0.000   0.000   0.107   0.002   0.017   0.005
  11.060    0.101    0.000   0.000   0.000   0.000   0.000   0.066   0.001   0.030   0.003
  11.080    0.095    0.000   0.000   0.000   0.000   0.000   0.037   0.001   0.057   0.003
  11.100    0.115    0.000   0.000   0.000   0.000   0.000   0.021   0.001   0.091   0.001
  11.120    0.165    0.000   0.000   0.000   0.000   0.000   0.010   0.001   0.150   0.001
  11.140    0.252    0.000   0.000   0.000   0.000   0.000   0.005   0.002   0.244   0.002
  11.160    0.374    0.000   0.000   0.000   0.000   0.000   0.002   0.004   0.360   0.003
  11.180    0.536    0.000   0.000   0.000   0.000   0.000   0.001   0.008   0.523   0.007
  11.200    0.727    0.000   0.000   0.000   0.000   0.000   0.000   0.011   0.715   0.012
  11.220    0.937    0.000   0.000   0.000   0.000   0.000   0.000   0.020   0.902   0.018
  11.240    1.157    0.000   0.000   0.000   0.000   0.000   0.000   0.030   1.108   0.030
  11.260    1.337    0.000   0.000   0.000   0.000   0.000   0.000   0.047   1.239   0.050
  11.280    1.470    0.000   0.000   0.000   0.000   0.000   0.000   0.070   1.336   0.077
  11.300    1.549    0.000   0.000   0.000   0.000   0.000   0.000   0.099   1.359   0.108
  11.320    1.556    0.000   0.000   0.000   0.000   0.000   0.000   0.134   1.272   0.147
  11.340    1.508    0.000   0.000   0.000   0.000   0.000   0.000   0.178   1.119   0.207
  11.360    1.434    0.000   0.000   0.000   0.000   0.000   0.000   0.228   0.937   0.272
  11.380    1.356    0.000   0.000   0.000   0.000   0.000   0.000   0.281   0.746   0.337
  11.400    1.293    0.000   0.000   0.000   0.000   0.000   0.000   0.335   0.558   0.400
  11.420    1.234    0.000   0.000   0.000   0.000   0.000   0.000   0.377   0.399   0.466
  11.440    1.198    0.000   0.000   0.000   0.000   0.000   0.000   0.422   0.263   0.522
  11.460    1.167    0.000   0.000   0.000   0.000   0.000   0.000   0.447   0.168   0.545
  11.480    1.129    0.000   0.000   0.000   0.000   0.000   0.000   0.455   0.108   0.563
  11.500    1.076    0.000   0.000   0.000   0.000   0.000   0.000   0.451   0.060   0.570
  11.520    0.998    0.000   0.000   0.000   0.000   0.000   0.000   0.432   0.035   0.532
  11.540    0.909    0.000   0.000   0.001   0.001   0.001   0.000   0.402   0.020   0.489
  11.560    0.796    0.000   0.000   0.001   0.001   0.002   0.000   0.351   0.011   0.431
  11.580    0.681    0.000   0.000   0.002   0.002   0.002   0.000   0.298   0.006   0.365
  11.600    0.558    0.001   0.000   0.003   0.003   0.003   0.000   0.245   0.003   0.300
  11.620    0.442    0.002   0.000   0.005   0.005   0.005   0.000   0.192   0.002   0.232
  11.640    0.352    0.003   0.001   0.007   0.007   0.007   0.000   0.148   0.002   0.177
  11.660    0.280    0.005   0.001   0.010   0.010   0.011   0.000   0.113   0.001   0.127
  11.680    0.223    0.008   0.004   0.014   0.015   0.016   0.000   0.080   0.001   0.088
  11.700    0.195    0.012   0.007   0.019   0.020   0.019   0.000   0.056   0.001   0.061
  11.720    0.184    0.016   0.015   0.024   0.026   0.026   0.000   0.034   0.002   0.039
  11.740    0.198    0.022   0.028   0.033   0.032   0.032   0.000   0.023   0.003   0.024
  11.760    0.229    0.029   0.047   0.039   0.039   0.040   0.000   0.015   0.004   0.015
  11.780    0.282    0.038   0.075   0.048   0.047   0.048   0.000   0.009   0.007   0.008
  11.800    0.332    0.043   0.100   0.054   0.055   0.054   0.000   0.005   0.015   0.005
  11.820    0.389    0.049   0.130   0.059   0.059   0.060   0.000   0.003   0.026   0.003
  11.840    0.443    0.053   0.151   0.064   0.063   0.062   0.000   0.002   0.045   0.002
  11.860    0.485    0.053   0.161   0.065   0.063   0.065   0.000   0.001   0.073   0.002
  11.880    0.508    0.051   0.152   0.063   0.061   0.063   0.000   0.002   0.110   0.003
  11.900    0.543    0.049   0.137   0.059   0.062   0.061   0.000   0.004   0.167   0.004
  11.920    0.578    0.043   0.106   0.055   0.056   0.055   0.000   0.005   0.245   0.008
  11.940    0.617    0.037   0.077   0.047   0.048   0.048   0.000   0.008   0.343   0.013
  11.960    0.684    0.029   0.053   0.041   0.040   0.041   0.000   0.015   0.447   0.020
  11.980    0.758    0.024   0.032   0.033   0.032   0.035   0.000   0.024   0.545   0.031
  12.000    0.844    0.015   0.017   0.026   0.027   0.027   0.000   0.036   0.659   0.045
  12.020    0.920    0.012   0.008   0.021   0.020   0.020   0.000   0.053   0.717   0.073
  12.040    0.980    0.008   0.004   0.016   0.014   0.015   0.000   0.078   0.746   0.099
  12.060    1.021    0.005   0.002   0.011   0.010   0.011   0.000   0.110   0.741   0.137
  12.080    1.038    0.003   0.001   0.008   0.008   0.007   0.000   0.146   0.678   0.182
  12.100    1.045    0.002   0.000   0.005   0.005   0.005   0.000   0.190   0.613   0.230
  12.120    1.042    0.001   0.000   0.003   0.003   0.003   0.001   0.240   0.507   0.290
  12.140    1.035    0.001   0.000   0.002   0.002   0.002   0.002   0.294   0.396   0.351
  12.160    1.037    0.000   0.000   0.001   0.001   0.002   0.006   0.335   0.294   0.397
  12.180    1.037    0.000   0.000   0.001   0.001   0.001   0.011   0.378   0.212   0.442
  12.200    1.041    0.000   0.000   0.001   0.001   0.001   0.024   0.396   0.141   0.486
  12.220    1.037    0.000   0.000   0.001   0.001   0.001   0.043   0.410   0.093   0.496
  12.240    1.023    0.000   0.000   0.001   0.001   0.001   0.075   0.406   0.059   0.477
  12.260    1.010    0.000   0.000   0.002   0.002   0.002   0.120   0.396   0.039   0.463
  12.280    1.001    0.001   0.000   0.003   0.003   0.003   0.190   0.358   0.024   0.428
  12.300    0.996    0.001   0.000   0.005   0.005   0.005   0.273   0.313   0.015   0.385
  12.320    0.985    0.002   0.000   0.007   0.007   0.008   0.369   0.271   0.008   0.320
  12.340    0.990    0.003   0.001   0.010   0.010   0.011   0.466   0.219   0.007   0.267
  12.360    0.991    0.006   0.001   0.016   0.016   0.016   0.548   0.174   0.007   0.212
  12.380    0.997    0.011   0.003   0.023   0.023   0.024   0.618   0.134   0.008   0.164
  12.400    0.986    0.017   0.007   0.031   0.031   0.034   0.647   0.097   0.008   0.123
  12.420    0.962    0.025   0.018   0.042   0.042   0.044   0.633   0.068   0.007   0.084
  12.440    0.925    0.036   0.033   0.054   0.055   0.057   0.580   0.048   0.008   0.059
  12.460    0.900    0.051   0.061   0.069   0.069   0.071   0.504   0.032   0.009   0.039
  12.480    0.890    0.065   0.104   0.084   0.085   0.089   0.412   0.020   0.010   0.024
  12.500    0.900    0.080   0.161   0.100   0.102   0.104   0.313   0.013   0.012   0.016
  12.520    0.930    0.094   0.224   0.116   0.116   0.118   0.226   0.008   0.019   0.011
  12.540    0.974    0.106   0.283   0.131   0.129   0.132   0.153   0.004   0.029   0.007
  12.560    1.014    0.114   0.335   0.139   0.137   0.141   0.096   0.004   0.041   0.006
  12.580    1.026    0.117   0.355   0.143   0.141   0.143   0.058   0.003   0.062   0.007
  12.600    0.993    0.112   0.329   0.140   0.139   0.140   0.033   0.004   0.083   0.010
  12.620    0.939    0.105   0.288   0.130   0.130   0.131   0.018   0.005   0.115   0.013
  12.640    0.870    0.095   0.227   0.120   0.120   0.119   0.009   0.010   0.143   0.022
  12.660    0.799    0.080   0.171   0.102   0.102   0.104   0.004   0.017   0.183   0.030
  12.680    0.736    0.064   0.112   0.087   0.086   0.086   0.002   0.027   0.220   0.048
  12.700    0.699    0.049   0.067   0.069   0.070   0.072   0.001   0.041   0.257   0.069
  12.720    0.692    0.037   0.036   0.056   0.056   0.057   0.000   0.061   0.277   0.099
  12.740    0.705    0.025   0.018   0.043   0.043   0.044   0.000   0.097   0.290   0.140
  12.760    0.748    0.017   0.009   0.031   0.032   0.033   0.000   0.135   0.293   0.184
  12.780    0.804    0.011   0.004   0.023   0.022   0.025   0.000   0.184   0.281   0.234
  12.800    0.885    0.007   0.002   0.017   0.017   0.017   0.000   0.247   0.261   0.305
  12.820    0.980    0.004   0.000   0.011   0.012   0.012   0.000   0.317   0.232   0.377
  12.840    1.073    0.002   0.000   0.007   0.008   0.008   0.000   0.391   0.199   0.443
  12.860    1.162    0.001   0.000   0.005   0.005   0.005   0.000   0.462   0.161   0.511
  12.880    1.241    0.001   0.000   0.004   0.004   0.004   0.000   0.526   0.125   0.563
  12.900    1.277    0.000   0.000   0.002   0.002   0.003   0.000   0.569   0.096   0.592
  12.920    1.291    0.000   0.000   0.002   0.002   0.003   0.000   0.593   0.070   0.612
  12.940    1.249    0.000   0.000   0.002   0.002   0.003   0.000   0.585   0.049   0.600
  12.960    1.186    0.000   0.000   0.003   0.002   0.003   0.000   0.558   0.034   0.584
  12.980    1.065    0.001   0.000   0.004   0.004   0.004   0.000   0.496   0.022   0.529
  13.000    0.948    0.002   0.000   0.005   0.006   0.006   0.000   0.432   0.015   0.485
  13.020    0.811    0.003   0.000   0.008   0.008   0.009   0.000   0.358   0.008   0.406
  13.040    0.676    0.005   0.001   0.011   0.011   0.012   0.000   0.283   0.005   0.344
  13.060    0.560    0.008   0.003   0.016   0.015   0.017   0.000   0.213   0.004   0.277
  13.080    0.462    0.012   0.006   0.021   0.021   0.023   0.000   0.158   0.003   0.214
  13.100    0.397    0.018   0.013   0.028   0.027   0.029   0.000   0.112   0.003   0.162
  13.120    0.368    0.026   0.026   0.035   0.037   0.040   0.000   0.074   0.006   0.118
  13.140    0.377    0.036   0.046   0.048   0.047   0.050   0.000   0.053   0.009   0.084
  13.160    0.416    0.047   0.076   0.060   0.059   0.061   0.000   0.033   0.020   0.055
  13.180    0.491    0.058   0.119   0.074   0.074   0.074   0.000   0.020   0.032   0.035
  13.200    0.586    0.069   0.159   0.087   0.087   0.088   0.000   0.013   0.055   0.026
  13.220    0.697    0.077   0.208   0.099   0.099   0.097   0.000   0.007   0.088   0.016
  13.240    0.800    0.084   0.236   0.105   0.107   0.107   0.000   0.005   0.139   0.012
  13.260    0.902    0.086   0.256   0.111   0.111   0.108   0.000   0.004   0.210   0.010
  13.280    0.976    0.083   0.243   0.107   0.108   0.106   0.000   0.004   0.307   0.011
  13.300    1.043    0.079   0.216   0.100   0.099   0.098   0.000   0.006   0.422   0.014
  13.320    1.098    0.070   0.173   0.089   0.088   0.088   0.000   0.009   0.550   0.020
  13.340    1.166    0.057   0.124   0.076   0.076   0.074   0.000   0.014   0.694   0.028
  13.360    1.244    0.048   0.084   0.062   0.061   0.064   0.000   0.024   0.844   0.044
  13.380    1.314    0.036   0.050   0.050   0.048   0.050   0.000   0.036   0.964   0.058
  13.400    1.390    0.028   0.028   0.039   0.039   0.040   0.000   0.055   1.067   0.082
  13.420    1.430    0.019   0.014   0.030   0.030   0.030   0.000   0.078   1.105   0.111
  13.440    1.445    0.013   0.007   0.022   0.022   0.023   0.000   0.109   1.088   0.143
  13.460    1.439    0.008   0.003   0.016   0.016   0.017   0.000   0.150   1.029   0.179
  13.480    1.384    0.005   0.001   0.012   0.012   0.012   0.001   0.185   0.921   0.220
  13.500    1.327    0.003   0.001   0.008   0.008   0.010   0.002   0.229   0.786   0.258
  13.520    1.256    0.002   0.000   0.006   0.006   0.007   0.004   0.277   0.637   0.297
  13.540    1.180    0.001   0.000   0.005   0.004   0.005   0.008   0.307   0.506   0.320
  13.560    1.094    0.001   0.000   0.003   0.003   0.004   0.015   0.332   0.375   0.340
  13.580    1.019    0.000   0.000   0.003   0.003   0.003   0.026   0.345   0.264   0.357
  13.600    0.948    0.000   0.000   0.003   0.003   0.003   0.044   0.340   0.182   0.357
  13.620    0.879    0.001   0.000   0.004   0.004   0.004   0.068   0.328   0.119   0.336
  13.640    0.819    0.001   0.000   0.004   0.005   0.005   0.099   0.299   0.073   0.320
  13.660    0.765    0.002   0.000   0.007   0.007   0.006   0.138   0.264   0.046   0.283
  13.680    0.716    0.004   0.001   0.009   0.009   0.010   0.176   0.224   0.026   0.253
  13.700    0.672    0.006   0.002   0.012   0.013   0.014   0.209   0.188   0.015   0.210
  13.720    0.628    0.009   0.004   0.017   0.016   0.018   0.237   0.140   0.008   0.171
  13.740    0.595    0.015   0.008   0.023   0.023   0.024   0.253   0.105   0.004   0.137
  13.760    0.571    0.021   0.017   0.030   0.031   0.032   0.255   0.076   0.004   0.103
  13.780    0.556    0.029   0.034   0.039   0.039   0.042   0.238   0.050   0.004   0.075
  13.800    0.553    0.037   0.056   0.050   0.050   0.052   0.211   0.033   0.006   0.053
  13.820    0.570    0.048   0.089   0.060   0.061   0.065   0.172   0.022   0.014   0.038
  13.840    0.602    0.057   0.127   0.073   0.072   0.073   0.134   0.014   0.025   0.027
  13.860    0.651    0.065   0.169   0.083   0.081   0.083   0.098   0.008   0.047   0.018
  13.880    0.705    0.071   0.204   0.088   0.089   0.091   0.067   0.004   0.076   0.015
  13.900    0.752    0.074   0.219   0.093   0.092   0.091   0.042   0.003   0.123   0.013
  13.920    0.799    0.075   0.219   0.092   0.093   0.092   0.027   0.002   0.182   0.015
  13.940    0.841    0.071   0.199   0.087   0.087   0.089   0.016   0.002   0.270   0.017
  13.960    0.885    0.065   0.164   0.080   0.081   0.080   0.009   0.004   0.376   0.028
  13.980    0.924    0.056   0.125   0.071   0.069   0.070   0.004   0.007   0.492   0.036
  14.000    0.979    0.045   0.087   0.059   0.060   0.061   0.002   0.014   0.592   0.050
  14.020    1.038    0.036   0.054   0.048   0.048   0.050   0.001   0.025   0.711   0.067
  14.040    1.084    0.027   0.031   0.038   0.038   0.039   0.000   0.040   0.780   0.087
  14.060    1.115    0.019   0.017   0.030   0.029   0.031   0.000   0.065   0.818   0.109
  14.080    1.139    0.013   0.008   0.022   0.022   0.023   0.000   0.094   0.806   0.139
  14.100    1.133    0.008   0.004   0.016   0.016   0.017   0.000   0.139   0.758   0.166
  14.120    1.103    0.005   0.001   0.011   0.012   0.013   0.000   0.184   0.675   0.193
  14.140    1.058    0.003   0.001   0.009   0.008   0.009   0.000   0.239   0.547   0.222
  14.160    1.007    0.002   0.000   0.006   0.006   0.006   0.000   0.290   0.443   0.247
  14.180    0.953    0.001   0.000   0.004   0.004   0.005   0.000   0.332   0.328   0.264
  14.200    0.896    0.001   0.000   0.003   0.003   0.003   0.000   0.365   0.238   0.272
  14.220    0.829    0.000   0.000   0.002   0.002   0.002   0.000   0.369   0.162   0.275
  14.240    0.762    0.000   0.000   0.002   0.001   0.002   0.000   0.361   0.105   0.270
  14.260    0.679    0.000   0.000   0.002   0.002   0.002   0.000   0.336   0.062   0.259
  14.280    0.602    0.001   0.000   0.002   0.002   0.003   0.000   0.295   0.037   0.242
  14.300    0.514    0.001   0.000   0.003   0.003   0.003   0.000   0.246   0.020   0.222
  14.320    0.431    0.002   0.000   0.004   0.004   0.004   0.000   0.199   0.012   0.195
  14.340    0.350    0.003   0.001   0.006   0.006   0.006   0.000   0.143   0.006   0.165
  14.360    0.288    0.004   0.002   0.008   0.008   0.008   0.000   0.103   0.004   0.137
  14.380    0.239    0.006   0.005   0.011   0.010   0.011   0.000   0.068   0.003   0.111
  14.400    0.205    0.009   0.010   0.013   0.014   0.013   0.000   0.045   0.006   0.090
  14.420    0.188    0.012   0.017   0.016   0.016   0.016   0.000   0.028   0.010   0.065
  14.440    0.189    0.014   0.029   0.019   0.019   0.020   0.000   0.016   0.016   0.050
  14.460    0.202    0.017   0.039   0.021   0.022   0.022   0.000   0.010   0.030   0.038
  14.480    0.227    0.019   0.051   0.023   0.024   0.025   0.000   0.007   0.047   0.027
  14.500    0.263    0.021   0.061   0.026   0.025   0.025   0.000   0.005   0.076   0.021
  14.520    0.304    0.022   0.066   0.026   0.025   0.026   0.000   0.006   0.111   0.018
  14.540    0.359    0.022   0.066   0.026   0.025   0.027   0.000   0.011   0.157   0.021
  14.560    0.419    0.021   0.060   0.024   0.024   0.025   0.000   0.018   0.216   0.024
  14.580    0.485    0.019   0.048   0.023   0.023   0.023   0.000   0.028   0.282   0.035
  14.600    0.570    0.016   0.036   0.020   0.021   0.022   0.000   0.043   0.352   0.052
  14.620    0.664    0.013   0.025   0.018   0.018   0.018   0.000   0.069   0.423   0.077
  14.640    0.761    0.011   0.015   0.015   0.014   0.015   0.000   0.095   0.482   0.111
  14.660    0.857    0.008   0.009   0.012   0.012   0.012   0.000   0.132   0.514   0.155
  14.680    0.954    0.006   0.005   0.009   0.010   0.010   0.001   0.175   0.528   0.211
  14.700    1.035    0.004   0.002   0.007   0.007   0.007   0.001   0.226   0.512   0.269
  14.720    1.111    0.002   0.001   0.005   0.005   0.005   0.003   0.279   0.478   0.340
  14.740    1.166    0.001   0.000   0.004   0.004   0.004   0.006   0.335   0.408   0.407
  14.760    1.213    0.001   0.000   0.002   0.003   0.003   0.012   0.379   0.343   0.474
  14.780    1.246    0.001   0.000   0.002   0.002   0.002   0.023   0.426   0.271   0.527
  14.800    1.267    0.000   0.000   0.002   0.002   0.002   0.041   0.453   0.202   0.566
  14.820    1.264    0.000   0.000   0.002   0.002   0.002   0.069   0.468   0.144   0.581
  14.840    1.259    0.001   0.000   0.003   0.003   0.003   0.107   0.462   0.103   0.583
  14.860    1.234    0.001   0.000   0.004   0.004   0.005   0.159   0.443   0.070   0.554
  14.880    1.196    0.002   0.000   0.006   0.006   0.007   0.217   0.413   0.048   0.507
  14.900    1.153    0.004   0.001   0.008   0.009   0.009   0.285   0.365   0.031   0.457
  14.920    1.103    0.006   0.002   0.012   0.013   0.013   0.346   0.313   0.022   0.385
  14.940    1.042    0.009   0.005   0.017   0.017   0.018   0.396   0.252   0.016   0.316
  14.960    0.986    0.014   0.010   0.022   0.024   0.024   0.430   0.209   0.015   0.248
  14.980    0.925    0.021   0.019   0.031   0.030   0.030   0.437   0.158   0.015   0.192
  15.000    0.860    0.027   0.036   0.039   0.039   0.040   0.410   0.118   0.018   0.142
  15.020    0.812    0.036   0.059   0.047   0.048   0.049   0.370   0.084   0.022   0.102
  15.040    0.775    0.044   0.090   0.056   0.056   0.058   0.311   0.059   0.033   0.072
  15.060    0.756    0.053   0.126   0.065   0.065   0.066   0.243   0.041   0.049   0.048
  15.080    0.753    0.059   0.157   0.072   0.072   0.072   0.184   0.029   0.077   0.033
  15.100    0.760    0.062   0.178   0.077   0.076   0.076   0.129   0.021   0.112   0.026
  15.120    0.775    0.063   0.188   0.078   0.077   0.078   0.083   0.020   0.161   0.024
  15.140    0.808    0.061   0.182   0.077   0.076   0.076   0.051   0.023   0.222   0.029
  15.160    0.845    0.058   0.160   0.072   0.071   0.072   0.030   0.032   0.306   0.037
  15.180    0.901    0.052   0.129   0.066   0.065   0.065   0.016   0.046   0.396   0.056
  15.200    0.965    0.044   0.093   0.057   0.057   0.057   0.009   0.065   0.500   0.082
  15.220    1.050    0.036   0.061   0.049   0.048   0.048   0.004   0.096   0.589   0.119
  15.240    1.132    0.027   0.038   0.039   0.040   0.040   0.002   0.130   0.650   0.161
  15.260    1.212    0.020   0.022   0.031   0.031   0.032   0.001   0.177   0.680   0.214
  15.280    1.282    0.014   0.011   0.024   0.024   0.024   0.000   0.228   0.670   0.273
  15.300    1.326    0.009   0.005   0.018   0.018   0.019   0.000   0.285   0.615   0.343
  15.320    1.367    0.006   0.002   0.013   0.013   0.014   0.000   0.346   0.549   0.421
  15.340    1.381    0.004   0.001   0.010   0.010   0.010   0.000   0.400   0.453   0.486
  15.360    1.381    0.002   0.000   0.008   0.008   0.008   0.000   0.451   0.359   0.540
  15.380    1.355    0.002   0.000   0.006   0.007   0.007   0.000   0.486   0.267   0.576
  15.400    1.316    0.001   0.000   0.007   0.006   0.007   0.000   0.502   0.195   0.603
  15.420    1.251    0.002   0.000   0.007   0.007   0.008   0.000   0.499   0.136   0.595
  15.440    1.169    0.003   0.000   0.010   0.009   0.011   0.000   0.477   0.094   0.570
  15.460    1.071    0.005   0.001   0.013   0.013   0.014   0.000   0.438   0.062   0.526
  15.480    0.969    0.009   0.002   0.020   0.018   0.020   0.000   0.392   0.038   0.471
  15.500    0.865    0.014   0.005   0.027   0.026   0.028   0.000   0.337   0.024   0.406
  15.520    0.769    0.021   0.012   0.035   0.037   0.038   0.000   0.274   0.017   0.338
  15.540    0.692    0.030   0.025   0.048   0.048   0.050   0.000   0.218   0.008   0.266
  15.560    0.655    0.042   0.047   0.062   0.062   0.065   0.000   0.168   0.006   0.203
  15.580    0.651    0.057   0.081   0.077   0.077   0.081   0.000   0.120   0.006   0.151
  15.600    0.690    0.071   0.131   0.093   0.093   0.095   0.000   0.087   0.009   0.110
  15.620    0.752    0.086   0.189   0.109   0.108   0.111   0.000   0.058   0.014   0.076
  15.640    0.833    0.100   0.248   0.119   0.121   0.125   0.000   0.041   0.026   0.052
  15.660    0.908    0.108   0.301   0.131   0.130   0.134   0.000   0.027   0.042   0.033
  15.680    0.979    0.114   0.339   0.135   0.136   0.138   0.000   0.019   0.072   0.024
  15.700    1.005    0.115   0.337   0.137   0.136   0.138   0.000   0.015   0.109   0.017
  15.720    1.012    0.108   0.313   0.133   0.132   0.133   0.000   0.014   0.168   0.013
  15.740    0.990    0.099   0.263   0.121   0.122   0.125   0.000   0.015   0.234   0.015
  15.760    0.955    0.088   0.197   0.110   0.110   0.110   0.000   0.020   0.306   0.020
  15.780    0.917    0.071   0.139   0.095   0.095   0.096   0.000   0.025   0.380   0.026
  15.800    0.879    0.057   0.089   0.080   0.080   0.081   0.001   0.034   0.434   0.038
  15.820    0.836    0.043   0.053   0.064   0.065   0.066   0.001   0.044   0.466   0.051
  15.840    0.783    0.030   0.028   0.049   0.050   0.051   0.002   0.054   0.471   0.069
  15.860    0.730    0.021   0.014   0.037   0.038   0.039   0.005   0.065   0.435   0.088
  15.880    0.666    0.014   0.006   0.027   0.028   0.029   0.011   0.080   0.383   0.108
  15.900    0.605    0.008   0.003   0.020   0.020   0.020   0.021   0.087   0.316   0.124
  15.920    0.552    0.005   0.001   0.013   0.014   0.014   0.037   0.098   0.242   0.142
  15.940    0.516    0.003   0.000   0.009   0.009   0.010   0.064   0.105   0.177   0.157
  15.960    0.501    0.002   0.000   0.006   0.006   0.006   0.106   0.108   0.120   0.157
  15.980    0.507    0.001   0.000   0.004   0.004   0.004   0.161   0.109   0.078   0.158
  16.000    0.533    0.000   0.000   0.002   0.002   0.003   0.230   0.105   0.048   0.153
  16.020    0.573    0.000   0.000   0.001   0.001   0.002   0.310   0.098   0.030   0.140
  16.040    0.616    0.000   0.000   0.001   0.001   0.001   0.392   0.089   0.019   0.125
  16.060    0.656    0.000   0.000   0.000   0.001   0.000   0.469   0.075   0.011   0.109
  16.080    0.677    0.000   0.000   0.000   0.000   0.000   0.522   0.066   0.011   0.085
  16.100    0.674    0.000   0.000   0.000   0.000   0.000   0.546   0.052   0.011   0.069
  16.120    0.648    0.000   0.000   0.000   0.000   0.000   0.543   0.043   0.015   0.051
  16.140    0.587    0.000   0.000   0.000   0.000   0.000   0.497   0.033   0.022   0.038
  16.160    0.529    0.000   0.000   0.000   0.000   0.000   0.442   0.025   0.037   0.025
  16.180    0.452    0.000   0.000   0.000   0.000   0.000   0.356   0.020   0.056   0.021
  16.200    0.399    0.000   0.000   0.000   0.000   0.000   0.279   0.016   0.086   0.018
  16.220    0.364    0.000   0.000   0.000   0.000   0.000   0.201   0.015   0.124   0.019
  16.240    0.361    0.000   0.000   0.000   0.000   0.000   0.138   0.017   0.179   0.023
  16.260    0.389    0.000   0.000   0.000   0.000   0.000   0.088   0.023   0.241   0.034
  16.280    0.446    0.000   0.000   0.000   0.000   0.000   0.053   0.036   0.305   0.049
  16.300    0.531    0.000   0.000   0.000   0.000   0.000   0.030   0.052   0.373   0.069
  16.320    0.638    0.000   0.000   0.000   0.000   0.000   0.017   0.072   0.437   0.100
  16.340    0.752    0.000   0.000   0.000   0.000   0.000   0.008   0.104   0.493   0.135
  16.360    0.864    0.000   0.000   0.000   0.000   0.000   0.004   0.143   0.527   0.179
  16.380    0.965    0.000   0.000   0.000   0.000   0.000   0.002   0.190   0.527   0.229
  16.400    1.062    0.000   0.000   0.000   0.000   0.000   0.001   0.245   0.514   0.281
  16.420    1.128    0.000   0.000   0.000   0.000   0.000   0.000   0.297   0.474   0.340
  16.440    1.180    0.000   0.000   0.000   0.000   0.000   0.000   0.346   0.421   0.395
  16.460    1.205    0.000   0.000   0.000   0.000   0.000   0.000   0.399   0.359   0.436
  16.480    1.195    0.000   0.000   0.001   0.000   0.001   0.000   0.430   0.280   0.467
  16.500    1.164    0.000   0.000   0.001   0.001   0.001   0.000   0.448   0.221   0.487
  16.520    1.103    0.000   0.000   0.001   0.001   0.001   0.000   0.440   0.161   0.489
  16.540    1.019    0.001   0.000   0.002   0.001   0.002   0.000   0.427   0.111   0.470
  16.560    0.922    0.001   0.000   0.002   0.002   0.002   0.000   0.393   0.076   0.438
  16.580    0.809    0.002   0.001   0.003   0.003   0.003   0.000   0.349   0.049   0.396
  16.600    0.688    0.002   0.001   0.003   0.003   0.004   0.000   0.297   0.031   0.341
  16.620    0.576    0.003   0.002   0.004   0.005   0.005   0.000   0.245   0.021   0.285
  16.640    0.474    0.005   0.005   0.006   0.006   0.006   0.000   0.191   0.019   0.233
  16.660    0.391    0.006   0.009   0.007   0.007   0.008   0.000   0.144   0.020   0.185
  16.680    0.331    0.008   0.014   0.009   0.009   0.010   0.000   0.105   0.031   0.142
  16.700    0.298    0.010   0.021   0.012   0.011   0.012   0.000   0.075   0.049   0.107
  16.720    0.291    0.011   0.027   0.015   0.014   0.014   0.000   0.052   0.074   0.077
  16.740    0.317    0.012   0.035   0.017   0.017   0.016   0.000   0.036   0.118   0.058
  16.760    0.367    0.013   0.039   0.019   0.018   0.017   0.000   0.030   0.175   0.051
  16.780    0.438    0.013   0.039   0.018   0.019   0.017   0.000   0.027   0.250   0.049
  16.800    0.534    0.013   0.037   0.018   0.018   0.016   0.000   0.032   0.345   0.054
  16.820    0.652    0.011   0.032   0.016   0.016   0.016   0.000   0.044   0.446   0.071
  16.840    0.775    0.010   0.024   0.013   0.013   0.013   0.000   0.059   0.544   0.092
  16.860    0.903    0.009   0.017   0.011   0.011   0.011   0.000   0.085   0.634   0.122
  16.880    1.030    0.007   0.012   0.009   0.009   0.009   0.000   0.117   0.703   0.159
  16.900    1.139    0.005   0.007   0.007   0.006   0.007   0.001   0.163   0.734   0.201
  16.920    1.223    0.004   0.004   0.006   0.006   0.006   0.002   0.213   0.722   0.246
  16.940    1.273    0.003   0.002   0.005   0.005   0.005   0.003   0.268   0.678   0.297
  16.960    1.305    0.002   0.001   0.004   0.004   0.005   0.007   0.328   0.595   0.343
  16.980    1.307    0.001   0.000   0.005   0.004   0.005   0.012   0.377   0.508   0.382
  17.000    1.281    0.001   0.000   0.005   0.005   0.005   0.020   0.413   0.395   0.413
  17.020    1.242    0.002   0.000   0.006   0.006   0.007   0.033   0.436   0.299   0.431
  17.040    1.192    0.003   0.000   0.008   0.008   0.009   0.049   0.440   0.217   0.437
  17.060    1.128    0.005   0.001   0.011   0.011   0.013   0.071   0.431   0.149   0.424
  17.080    1.055    0.007   0.002   0.016   0.016   0.017   0.093   0.394   0.100   0.401
  17.100    0.985    0.011   0.005   0.021   0.021   0.024   0.117   0.350   0.063   0.361
  17.120    0.920    0.017   0.011   0.029   0.029   0.031   0.136   0.297   0.039   0.320
  17.140    0.861    0.025   0.022   0.038   0.038   0.040   0.152   0.238   0.029   0.270
  17.160    0.826    0.036   0.039   0.048   0.050   0.052   0.159   0.185   0.025   0.224
  17.180    0.811    0.047   0.068   0.061   0.062   0.064   0.156   0.139   0.025   0.178
  17.200    0.824    0.058   0.110   0.075   0.076   0.078   0.144   0.101   0.036   0.138
  17.220    0.858    0.071   0.156   0.089   0.089   0.091   0.123   0.070   0.056   0.104
  17.240    0.918    0.081   0.207   0.102   0.102   0.103   0.101   0.047   0.086   0.079
  17.260    0.977    0.090   0.248   0.112   0.110   0.112   0.077   0.033   0.127   0.057
  17.280    1.042    0.095   0.275   0.118   0.117   0.116   0.055   0.024   0.185   0.050
  17.300    1.101    0.095   0.278   0.119   0.119   0.118   0.038   0.019   0.264   0.045
  17.320    1.130    0.089   0.258   0.112   0.113   0.111   0.024   0.020   0.350   0.043
  17.340    1.149    0.082   0.216   0.104   0.102   0.103   0.014   0.025   0.446   0.048
  17.360    1.154    0.072   0.164   0.092   0.091   0.091   0.009   0.034   0.536   0.058
  17.380    1.153    0.059   0.115   0.077   0.076   0.078   0.004   0.049   0.612   0.074
  17.400    1.144    0.047   0.074   0.064   0.065   0.065   0.002   0.067   0.664   0.089
  17.420    1.120    0.036   0.045   0.051   0.052   0.052   0.001   0.089   0.679   0.107
  17.440    1.079    0.025   0.024   0.039   0.040   0.041   0.001   0.114   0.667   0.125
  17.460    1.020    0.018   0.011   0.031   0.031   0.033   0.000   0.144   0.600   0.146
  17.480    0.949    0.012   0.006   0.024   0.024   0.025   0.000   0.167   0.522   0.166
  17.500    0.865    0.008   0.002   0.018   0.018   0.020   0.000   0.184   0.427   0.179
  17.520    0.782    0.005   0.001   0.015   0.015   0.017   0.000   0.202   0.331   0.187
  17.540    0.701    0.004   0.000   0.013   0.013   0.014   0.000   0.207   0.251   0.192
  17.560    0.620    0.004   0.001   0.013   0.013   0.014   0.000   0.199   0.178   0.190
  17.580    0.550    0.006   0.001   0.014   0.013   0.015   0.000   0.193   0.119   0.181
  17.600    0.493    0.008   0.003   0.017   0.017   0.018   0.000   0.177   0.079   0.168
  17.620    0.443    0.012   0.007   0.021   0.021   0.022   0.000   0.150   0.050   0.153
  17.640    0.412    0.018   0.014   0.027   0.027   0.029   0.000   0.123   0.035   0.133
  17.660    0.400    0.025   0.027   0.035   0.035   0.036   0.000   0.097   0.027   0.114
  17.680    0.408    0.033   0.047   0.043   0.044   0.044   0.000   0.074   0.023   0.095
  17.700    0.441    0.042   0.074   0.053   0.053   0.055   0.000   0.054   0.029   0.076
  17.720    0.495    0.049   0.108   0.063   0.063   0.064   0.000   0.041   0.039   0.065
  17.740    0.562    0.057   0.145   0.070   0.073   0.072   0.000   0.029   0.056   0.054
  17.760    0.637    0.064   0.175   0.078   0.079   0.081   0.000   0.024   0.077   0.051
  17.780    0.701    0.067   0.194   0.083   0.083   0.083   0.000   0.025   0.103   0.051
  17.800    0.752    0.067   0.197   0.084   0.083   0.083   0.000   0.030   0.136   0.060
  17.820    0.787    0.063   0.185   0.080   0.080   0.079   0.000   0.042   0.170   0.076
  17.840    0.814    0.059   0.153   0.075   0.074   0.074   0.000   0.063   0.203   0.100
  17.860    0.837    0.051   0.118   0.066   0.066   0.065   0.001   0.088   0.232   0.130
  17.880    0.869    0.042   0.084   0.057   0.056   0.056   0.001   0.125   0.257   0.172
  17.900    0.907    0.034   0.054   0.045   0.045   0.046   0.002   0.173   0.268   0.216
  17.920    0.967    0.026   0.032   0.036   0.036   0.038   0.004   0.226   0.273   0.270
  17.940    1.032    0.019   0.018   0.029   0.028   0.030   0.009   0.286   0.266   0.325
  17.960    1.095    0.013   0.009   0.022   0.022   0.023   0.015   0.348   0.247   0.375
  17.980    1.166    0.009   0.004   0.016   0.017   0.018   0.028   0.408   0.222   0.425
  18.000    1.217    0.006   0.002   0.013   0.013   0.014   0.047   0.457   0.187   0.462
  18.020    1.248    0.004   0.001   0.011   0.011   0.011   0.075   0.480   0.156   0.484
  18.040    1.260    0.003   0.001   0.010   0.010   0.010   0.111   0.490   0.126   0.487
  18.060    1.247    0.004   0.001   0.010   0.010   0.011   0.155   0.481   0.093   0.476
  18.080    1.221    0.004   0.001   0.010   0.011   0.012   0.204   0.441   0.070   0.455
  18.100    1.176    0.007   0.003   0.014   0.013   0.015   0.254   0.399   0.050   0.417
  18.120    1.109    0.009   0.007   0.016   0.017   0.018   0.293   0.337   0.040   0.367
  18.140    1.038    0.013   0.014   0.021   0.021   0.022   0.320   0.274   0.032   0.310
  18.160    0.958    0.018   0.023   0.026   0.025   0.027   0.330   0.214   0.035   0.255
  18.180    0.892    0.023   0.039   0.031   0.031   0.032   0.320   0.163   0.044   0.203
  18.200    0.833    0.029   0.059   0.037   0.037   0.038   0.288   0.120   0.060   0.162
  18.220    0.784    0.034   0.081   0.041   0.041   0.043   0.246   0.084   0.088   0.122
  18.240    0.758    0.038   0.101   0.046   0.045   0.047   0.199   0.060   0.126   0.090
  18.260    0.748    0.040   0.114   0.047   0.048   0.049   0.151   0.044   0.176   0.068
  18.280    0.754    0.041   0.123   0.048   0.048   0.050   0.108   0.036   0.237   0.054
  18.300    0.769    0.040   0.118   0.047   0.049   0.048   0.072   0.035   0.302   0.048
  18.320    0.791    0.037   0.102   0.045   0.046   0.046   0.046   0.038   0.368   0.048
  18.340    0.817    0.034   0.081   0.041   0.041   0.042   0.027   0.044   0.439   0.056
  18.360    0.841    0.028   0.060   0.036   0.036   0.036   0.015   0.056   0.493   0.069
  18.380    0.861    0.023   0.039   0.031   0.031   0.032   0.008   0.070   0.527   0.090
  18.400    0.874    0.018   0.024   0.027   0.026   0.027   0.004   0.085   0.549   0.111
  18.420    0.866    0.013   0.014   0.020   0.021   0.021   0.002   0.103   0.532   0.138
  18.440    0.849    0.009   0.007   0.017   0.016   0.017   0.001   0.117   0.496   0.163
  18.460    0.812    0.007   0.003   0.013   0.013   0.013   0.000   0.129   0.441   0.187
  18.480    0.761    0.004   0.002   0.010   0.010   0.011   0.000   0.143   0.378   0.207
  18.500    0.700    0.003   0.001   0.009   0.008   0.009   0.000   0.151   0.307   0.215
  18.520    0.632    0.003   0.000   0.008   0.008   0.009   0.000   0.153   0.235   0.221
  18.540    0.569    0.004   0.001   0.009   0.009   0.010   0.000   0.149   0.176   0.217
  18.560    0.502    0.005   0.002   0.010   0.010   0.011   0.000   0.143   0.125   0.202
  18.580    0.446    0.007   0.004   0.012   0.012   0.013   0.000   0.131   0.089   0.187
  18.600    0.400    0.010   0.008   0.016   0.016   0.016   0.000   0.115   0.063   0.163
  18.620    0.366    0.014   0.016   0.020   0.020   0.022   0.000   0.097   0.048   0.132
  18.640    0.354    0.019   0.026   0.025   0.026   0.027   0.000   0.080   0.045   0.107
  18.660    0.359    0.023   0.043   0.032   0.031   0.032   0.000   0.064   0.051   0.083
  18.680    0.389    0.029   0.063   0.037   0.037   0.037   0.000   0.052   0.069   0.064
  18.700    0.432    0.034   0.083   0.042   0.042   0.043   0.000   0.039   0.098   0.049
  18.720    0.493    0.037   0.102   0.047   0.047   0.047   0.000   0.030   0.141   0.039
  18.740    0.561    0.040   0.117   0.051   0.050   0.049   0.000   0.025   0.190   0.033
  18.760    0.627    0.040   0.118   0.049   0.051   0.050   0.000   0.022   0.253   0.031
  18.780    0.693    0.038   0.110   0.049   0.049   0.049   0.000   0.024   0.325   0.033
  18.800    0.747    0.036   0.095   0.045   0.045   0.045   0.000   0.029   0.398   0.041
  18.820    0.794    0.031   0.076   0.040   0.040   0.040   0.001   0.037   0.468   0.049
  18.840    0.827    0.026   0.053   0.036   0.034   0.036   0.002   0.049   0.509   0.064
  18.860    0.847    0.021   0.035   0.028   0.028   0.029   0.004   0.064   0.543   0.079
  18.880    0.859    0.016   0.021   0.024   0.023   0.024   0.008   0.081   0.547   0.096
  18.900    0.849    0.012   0.011   0.019   0.019   0.019   0.015   0.103   0.523   0.114
  18.920    0.827    0.009   0.006   0.015   0.015   0.016   0.026   0.121   0.474   0.131
  18.940    0.799    0.006   0.003   0.014   0.013   0.014   0.045   0.138   0.408   0.141
  18.960    0.771    0.005   0.001   0.012   0.012   0.013   0.072   0.152   0.337   0.153
  18.980    0.746    0.005   0.001   0.013   0.013   0.014   0.109   0.159   0.266   0.159
  19.000    0.727    0.006   0.001   0.014   0.014   0.016   0.154   0.155   0.201   0.157
  19.020    0.717    0.008   0.003   0.017   0.017   0.019   0.204   0.149   0.146   0.149
  19.040    0.727    0.012   0.006   0.022   0.022   0.024   0.257   0.135   0.107   0.141
  19.060    0.734    0.018   0.014   0.028   0.029   0.029   0.302   0.117   0.071   0.125
  19.080    0.753    0.025   0.025   0.036   0.037   0.039   0.335   0.097   0.047   0.109
  19.100    0.768    0.033   0.045   0.045   0.046   0.048   0.345   0.081   0.033   0.092
  19.120    0.795    0.043   0.074   0.057   0.056   0.059   0.341   0.062   0.024   0.078
  19.140    0.812    0.053   0.110   0.066   0.067   0.070   0.312   0.049   0.022   0.064
  19.160    0.836    0.061   0.150   0.077   0.077   0.077   0.271   0.038   0.029   0.055
  19.180    0.853    0.069   0.187   0.085   0.084   0.085   0.218   0.033   0.040   0.050
  19.200    0.873    0.074   0.210   0.090   0.090   0.092   0.169   0.034   0.062   0.052
  19.220    0.881    0.075   0.219   0.092   0.092   0.091   0.122   0.040   0.096   0.056
  19.240    0.887    0.072   0.208   0.089   0.088   0.088   0.083   0.052   0.137   0.071
  19.260    0.891    0.067   0.181   0.083   0.083   0.084   0.053   0.070   0.186   0.091
  19.280    0.898    0.059   0.142   0.075   0.075   0.075   0.032   0.097   0.229   0.120
  19.300    0.910    0.049   0.107   0.065   0.064   0.065   0.018   0.126   0.268   0.154
  19.320    0.925    0.040   0.070   0.054   0.055   0.055   0.010   0.162   0.289   0.196
  19.340    0.943    0.031   0.043   0.044   0.043   0.045   0.005   0.204   0.292   0.240
  19.360    0.953    0.023   0.024   0.035   0.035   0.036   0.003   0.245   0.276   0.283
  19.380    0.956    0.016   0.012   0.027   0.027   0.029   0.001   0.286   0.244   0.319
  19.400    0.948    0.011   0.005   0.021   0.021   0.022   0.001   0.315   0.195   0.353
  19.420    0.930    0.008   0.003   0.017   0.017   0.018   0.000   0.341   0.150   0.380
  19.440    0.899    0.006   0.001   0.014   0.014   0.015   0.000   0.351   0.105   0.388
  19.460    0.854    0.005   0.001   0.013   0.013   0.014   0.000   0.347   0.072   0.388
  19.480    0.796    0.006   0.002   0.013   0.013   0.014   0.000   0.330   0.046   0.367
  19.500    0.735    0.007   0.004   0.014   0.014   0.016   0.000   0.301   0.031   0.342
  19.520    0.667    0.010   0.008   0.017   0.017   0.018   0.000   0.269   0.023   0.304
  19.540    0.609    0.013   0.015   0.021   0.021   0.021   0.000   0.225   0.025   0.263
  19.560    0.563    0.017   0.026   0.024   0.025   0.026   0.000   0.187   0.035   0.222
  19.580    0.535    0.022   0.040   0.029   0.029   0.030   0.000   0.150   0.053   0.180
  19.600    0.531    0.026   0.058   0.033   0.033   0.034   0.000   0.113   0.084   0.144
  19.620    0.556    0.030   0.076   0.036   0.036   0.038   0.000   0.087   0.130   0.118
  19.640    0.604    0.033   0.091   0.038   0.039   0.040   0.000   0.070   0.189   0.099
  19.660    0.682    0.034   0.100   0.040   0.041   0.042   0.000   0.060   0.271   0.089
  19.680    0.774    0.034   0.101   0.041   0.040   0.042   0.000   0.060   0.362   0.088
  19.700    0.880    0.033   0.093   0.039   0.039   0.040   0.000   0.069   0.464   0.097
  19.720    0.999    0.030   0.076   0.037   0.036   0.037   0.000   0.086   0.572   0.117
  19.740    1.108    0.025   0.060   0.032   0.033   0.033   0.001   0.114   0.657   0.148
  19.760    1.207    0.021   0.043   0.028   0.028   0.030   0.002   0.148   0.717   0.182
  19.780    1.280    0.017   0.028   0.023   0.024   0.024   0.004   0.185   0.741   0.223
  19.800    1.326    0.012   0.016   0.020   0.019   0.020   0.008   0.234   0.730   0.263
  19.820    1.334    0.009   0.009   0.015   0.016   0.015   0.014   0.272   0.676   0.300
  19.840    1.320    0.007   0.004   0.011   0.012   0.012   0.024   0.315   0.594   0.340
  19.860    1.277    0.004   0.002   0.009   0.009   0.009   0.037   0.343   0.488   0.364
  19.880    1.211    0.003   0.001   0.006   0.006   0.006   0.056   0.365   0.385   0.379
  19.900    1.125    0.002   0.000   0.004   0.004   0.004   0.078   0.360   0.289   0.380
  19.920    1.043    0.001   0.000   0.003   0.003   0.003   0.103   0.350   0.207   0.372
  19.940    0.953    0.000   0.000   0.002   0.002   0.002   0.129   0.324   0.143   0.346
  19.960    0.855    0.000   0.000   0.001   0.001   0.001   0.153   0.287   0.098   0.311
  19.980    0.757    0.000   0.000   0.001   0.001   0.001   0.169   0.243   0.066   0.276
  20.000    0.660    0.000   0.000   0.000   0.000   0.000   0.176   0.197   0.046   0.231
  20.020    0.562    0.000   0.000   0.000   0.000   0.000   0.170   0.160   0.041   0.190
  20.040    0.480    0.000   0.000   0.000   0.000   0.000   0.157   0.120   0.044   0.156
  20.060    0.410    0.000   0.000   0.000   0.000   0.000   0.135   0.093   0.055   0.124
  20.080    0.359    0.000   0.000   0.000   0.000   0.000   0.110   0.073   0.071   0.100
  20.100    0.330    0.000   0.000   0.000   0.000   0.000   0.085   0.059   0.096   0.086
  20.120    0.324    0.000   0.000   0.000   0.000   0.000   0.061   0.056   0.125   0.079
  20.140    0.342    0.000   0.000   0.000   0.000   0.000   0.041   0.059   0.155   0.083
  20.160    0.379    0.000   0.000   0.000   0.000   0.000   0.027   0.071   0.180   0.095
  20.180    0.429    0.000   0.000   0.000   0.000   0.000   0.016   0.090   0.209   0.113
  20.200    0.482    0.000   0.000   0.000   0.000   0.000   0.009   0.113   0.221   0.140
  20.220    0.541    0.000   0.000   0.000   0.000   0.001   0.005   0.136   0.229   0.168
  20.240    0.591    0.000   0.000   0.001   0.001   0.001   0.003   0.167   0.221   0.199
  20.260    0.634    0.000   0.000   0.001   0.001   0.001   0.001   0.191   0.209   0.226
  20.280    0.659    0.001   0.000   0.002   0.002   0.002   0.001   0.213   0.187   0.253
  20.300    0.669    0.001   0.000   0.003   0.003   0.003   0.000   0.226   0.160   0.272
  20.320    0.661    0.002   0.000   0.004   0.004   0.004   0.000   0.235   0.129   0.280
  20.340    0.638    0.003   0.001   0.006   0.006   0.006   0.000   0.236   0.100   0.281
  20.360    0.602    0.005   0.002   0.008   0.008   0.009   0.000   0.228   0.074   0.275
  20.380    0.558    0.007   0.005   0.010   0.011   0.012   0.000   0.209   0.054   0.252
  20.400    0.514    0.009   0.009   0.015   0.014   0.016   0.000   0.188   0.037   0.224
  20.420    0.474    0.013   0.016   0.019   0.018   0.019   0.000   0.163   0.028   0.200
  20.440    0.436    0.017   0.028   0.022   0.023   0.023   0.000   0.134   0.023   0.166
  20.460    0.413    0.021   0.041   0.027   0.028   0.028   0.000   0.109   0.024   0.139
  20.480    0.404    0.024   0.056   0.030   0.031   0.032   0.000   0.088   0.030   0.112
