 *****    MP_DOS55: total and partial densities of vibrational states     *****

 Input files:  ./data/bzo200d_n0001.dat to ./data/bzo200d_n0020.dat
   t0,t_step,n_row,n_atom:   64.0400009       4.00009155E-02          32          32          32           5
   temperature [K]   199.586273    

 Atoms:      Ba     Zr     O1     O2     O3  
 Occupations:  1.000  1.000  1.000  1.000  1.000
 Weights:     25.705 51.266 33.675 33.675 33.675

 f [THz]    Total       Ba       Zr       O1       O2       O3  
  0.000     0.021      0.003    0.005    0.004    0.004    0.004
  1.389     0.100      0.041    0.024    0.012    0.012    0.012
  2.778     0.423      0.200    0.075    0.049    0.049    0.049
  4.167     1.205      0.100    0.188    0.307    0.307    0.304
  5.555     2.139      0.017    0.226    0.634    0.634    0.628
  6.944     2.482      0.005    0.144    0.780    0.777    0.776
  8.333     2.508      0.003    0.154    0.786    0.783    0.783
  9.722     2.272      0.003    0.156    0.705    0.704    0.704
 11.111     1.575      0.002    0.109    0.488    0.487    0.488
 12.500     1.056      0.001    0.053    0.334    0.334    0.334
